7324103342488620462
3404968530422351787
8256857883064935237
-7727714766389984110
-8864435315003755403
-8351227854379364579
8754640655652484500
-3579225172709061752
-3032828359831376442
6007353010336430732
-907565165594893022
-218331928642187498
7104568911546623984
9127092720501239648
6311814119270729283
-1418001143317977947
5128648467204890735
-3433263530044565845
-4351141437598547844
8861237035317200414
-661740301245922890
-2079416522622202189
-1045818024742716720
-7800089039756182423
8730089057821538763
-1414865696328930035
1453963697306028660
-2241467472214678679
5222526597304865395
1252852592267329774
-4891569704709348687
6339354831341193661
-8146737909497878839
-5609063569844440129
5685832862618040441
6988283119928995290
