-8482683682968990750
-7967986451151687323
-7500096325818182272
-6738553201568405609
-6361893455952155162
-6134142520368387813
-6125561401045616062
-5951121424208956133
-5497103836922370525
-5235280287812706550
-5140870661144067453
-5124752630007527351
-4799560715819872022
-4344470487376784080
-4332777860513344568
-4314557735513834125
-3985935977743987907
-3717205641933075468
-3473478245611074966
-3323452632471200261
-3151737279944285368
-3106134074510848258
-2826443994116737853
-2390959746333797187
-2359147516777934748
-2307242854774313643
-2267046318649696146
-2230836825789670358
-2213465643207823152
-2121888608937967827
-1523640346318035266
-1048998920247975098
-1018473064695997500
-274889050688200784
-112008831994515949
97182803395968613
201759857217139689
334189922028288123
1092063787526584353
1230221384982501378
1503413284387108344
1507727328107972592
1725963656215696466
2200222992275730265
2223689395900487308
2282287533647041954
3009716857637086052
3698797258353614201
3766464567227149821
3934320775603481402
4288527855385825348
4316509967547782112
4334288613474750124
5097274436272552019
5267700700362130301
5734120334429364429
5879264361191906039
5886496131187302286
6041343211459849966
6494198872911726759
6663232322122378737
6663825958398673363
6775085906922476064
6881968621157318003
7232396939432531765
7433555034695970579
7840245988857982905
8577627372770271942
