7324103342488620032
3404968530422351872
8256857883064935424
-7727714766389984256
-8864435315003755520
-8351227854379364352
8754640655652484096
-3579225172709061632
-3032828359831376384
6166185332971112448
6007353010336431104
-907565165594893056
-218331928642187488
7104568911546624000
9127092720501239808
6311814119270729728
-1418001143317977856
-7321663515515066368
5128648467204890624
-3433263530044566016
-4351141437598547968
8861237035317200896
-661740301245922944
-2079416522622202112
-6620071457358369792
-1045818024742716672
5681864349634137088
-7800089039756182528
8730089057821538304
-1414865696328930048
1453963697306028544
-2241467472214678784
5222526597304865792
1252852592267329792
-4891569704709348352
6564004368267289600
-2115109716569789952
6339354831341193216
-8146737909497878528
-5609063569844440064
-3092120724728285696
5685832862618040320
6988283119928994816
2283618755805637376
