-8884520010017485489
-8701414345980547012
-8620868626877939958
-8397960980887499552
-7836841536702085636
-7752396215489620466
-7218855067967231115
-7097072014787375161
-6951977767494894435
-6921495757646190151
-6890271401991607426
-6795812999012948365
-6683622331421743082
-6405887252941737880
-6180899613822932408
-6093860714862094964
-6073588866671594244
-6071045921842260119
-5945104004352040245
-5679374677847434039
-5215928889900192999
-4707930020015950998
-4398042362033996370
-4267477600772118234
-4114203941381679660
-3965663001833620263
-3900235928762980653
-3805067409917683681
-3741070575523408357
-3248131173849082730
-2902889058145863724
-2579470653495200444
-2423403019668055721
-2290107834864441861
-2290092494461418785
-2041666400121449233
-713718462599356626
-617595430851392195
-570075394062595938
-121716010395652607
311661077638671744
396628456446972235
576484520220769481
707319966929864901
793073091596750547
797224276312328931
847598034291718291
1081468271566526041
1106581963473027277
1206345641314914583
1510158541627574623
1721307405789195851
1817828796036790556
2030980899758998107
2164190819390090412
2198974840028600501
2583867728972029189
2809596261292478085
2827591212851732219
2915152975163544684
2984161274714057971
3081024678262786690
3450966461596985806
3506880637632265089
3554227941252457759
3672121139650567539
3775021140860931340
3941091563920065486
4027346057174896526
4679610775739146093
4680674907477774057
5017627066724650273
5795290656264433766
5942659770645831331
5989903045016379244
6123196953721742923
6129423845194301161
6362793212057179509
6848816427299612140
6997613515672245794
7299919158622043279
7622856897133735849
7687823080815232041
7999103768903928790
8170768210620596928
8193586341498361182
8283468672084873080
8431702586802382559
8964628171041625990
9157232442181422630
9198404771108364121
9215786748675053410
