|       chances | eromapper_idx |        ra |       dec | best_z | best_zerr | best_z_type | lambda | lambda_e | dist (arcmin) | dist (Mpc) | dist (r200) | vpec (km/s) | is_main |     m200 | r200 |  d200 |
|    Abell 0085 |          2522 |  10.37682 |  -9.23521 | 0.0558 |    0.0004 | spec_z_boot |   61.5 |      3.8 |          6.25 |       0.42 |        0.22 |         -52 |       1 | 5.56e+14 | 1.70 | 25.35 |
|    Abell 0085 |         16946 |  10.71609 |  -9.80776 | 0.0548 |    0.0006 | spec_z_boot |   19.9 |      3.0 |         33.97 |       2.30 |        1.17 |        -343 |       0 | 1.23e+14 | 1.03 | 15.59 |
|    Abell 0085 |       2530703 |  11.14784 | -10.34416 | 0.0824 |    0.0004 |   cg_spec_z |    3.3 |      1.1 |         74.66 |       5.05 |        2.57 |        7496 |       0 | 1.11e+13 | 0.46 |  4.77 |
|    Abell 0085 |       1394495 |  12.44472 |  -8.79246 | 0.0750 |    0.0004 |   cg_spec_z |    3.3 |      0.9 |        121.63 |       8.22 |        4.19 |        5390 |       0 | 1.11e+13 | 0.46 |  5.20 |
|    Abell 0119 |       3038418 |  15.32629 |  -1.16843 | 0.0698 |    0.0000 |   cg_spec_z |    4.2 |      1.7 |         75.71 |       4.08 |        2.13 |        7397 |       0 | 1.54e+13 | 0.51 |  6.21 |
|    Abell 0119 |       1628012 |  13.56366 |  -2.44457 | 0.0756 |    0.0002 |   cg_spec_z |    4.7 |      1.2 |         77.50 |       4.18 |        2.18 |        9068 |       0 | 1.77e+13 | 0.54 |  6.04 |
|    Abell 0119 |       1765814 |  15.60505 |  -1.50173 | 0.0611 |    0.0165 |     photo_z |    3.7 |      1.0 |         93.43 |       5.03 |        2.62 |        4917 |       0 | 1.29e+13 | 0.48 |  6.63 |
|    Abell 0119 |       1744954 |  15.93716 |  -1.17678 | 0.0733 |    0.0000 |   cg_spec_z |    3.4 |      0.9 |        112.28 |       6.05 |        3.15 |        8402 |       0 | 1.16e+13 | 0.47 |  5.39 |
|    Abell 0119 |        230335 |  13.94330 |   0.64504 | 0.0679 |    0.0019 | spec_z_boot |   14.5 |      1.8 |        114.24 |       6.16 |        3.21 |        6874 |       0 | 8.04e+13 | 0.89 | 11.04 |
|    Abell 0119 |       1077133 |  14.84275 |   0.48826 | 0.0639 |    0.0017 | spec_z_boot |    3.5 |      1.2 |        114.48 |       6.17 |        3.21 |        5706 |       0 | 1.21e+13 | 0.47 |  6.23 |
|    Abell 0119 |         77903 |  15.96611 |  -1.71506 | 0.0688 |    0.0113 | spec_z_boot |    8.6 |      2.0 |        117.20 |       6.32 |        3.29 |        7124 |       0 | 4.01e+13 | 0.71 |  8.65 |
|    Abell 0119 |        593312 |  16.08655 |  -0.88156 | 0.0664 |    0.0002 | spec_z_boot |   11.7 |      1.9 |        123.20 |       6.64 |        3.46 |        6418 |       0 | 6.00e+13 | 0.81 | 10.24 |
|    Abell 0119 |         84946 |  15.66259 |  -2.69568 | 0.0713 |    0.0025 | spec_z_boot |   25.6 |      2.4 |        128.94 |       6.95 |        3.62 |        7828 |       0 | 1.72e+14 | 1.15 | 13.61 |
|    Abell 0119 |        399508 |  15.93021 |  -2.33480 | 0.0704 |    0.0008 | spec_z_boot |    5.3 |      1.1 |        129.16 |       6.96 |        3.62 |        7587 |       0 | 2.07e+13 | 0.57 |  6.79 |
|    Abell 0119 |         58601 |  15.30207 |  -3.14934 | 0.0710 |    0.0005 | spec_z_boot |   14.3 |      1.8 |        135.65 |       7.31 |        3.81 |        7762 |       0 | 7.85e+13 | 0.88 | 10.51 |
|    Abell 0119 |       2335829 |  16.39180 |  -0.75151 | 0.0668 |    0.0006 | spec_z_boot |    5.1 |      1.1 |        142.70 |       7.69 |        4.00 |        6553 |       0 | 1.96e+13 | 0.56 |  7.01 |
|    Abell 0119 |        626147 |  14.03381 |  -3.68283 | 0.0586 |    0.0158 |     photo_z |    3.8 |      0.8 |        145.68 |       7.85 |        4.09 |        4205 |       0 | 1.36e+13 | 0.49 |  7.02 |
|    Abell 0119 |         48895 |  15.17865 |  -3.41927 | 0.0696 |    0.0006 | spec_z_boot |   11.7 |      2.8 |        145.95 |       7.87 |        4.10 |        7348 |       0 | 6.02e+13 | 0.81 |  9.80 |
|    Abell 0119 |        755017 |  11.61152 |  -1.76479 | 0.0766 |    0.0004 |   cg_spec_z |    3.6 |      0.9 |        150.42 |       8.11 |        4.22 |        9367 |       0 | 1.23e+13 | 0.48 |  5.28 |
|    Abell 0119 |        658368 |  13.27333 |  -3.64608 | 0.0529 |    0.0024 | spec_z_boot |    4.7 |      1.1 |        151.15 |       8.14 |        4.24 |        2565 |       0 | 1.80e+13 | 0.54 |  8.50 |
|    Abell 0119 |       2378843 |  16.57141 |  -2.09140 | 0.0684 |    0.0079 | spec_z_boot |   14.2 |      5.1 |        158.36 |       8.53 |        4.44 |        7020 |       0 | 7.79e+13 | 0.88 | 10.85 |
|    Abell 0119 |       2156280 |  12.77406 |   1.09826 | 0.0692 |    0.0141 | spec_z_boot |    9.6 |      5.7 |        161.10 |       8.68 |        4.52 |        7231 |       0 | 4.60e+13 | 0.74 |  9.01 |
|    Abell 0119 |       2030732 |  15.89248 |  -3.55616 | 0.0731 |    0.0011 | spec_z_boot |    5.8 |      1.6 |        176.17 |       9.49 |        4.94 |        8361 |       0 | 2.35e+13 | 0.59 |  6.84 |
|    Abell 0133 |         49152 |  15.61390 | -21.85307 | 0.0567 |    0.0005 | spec_z_boot |   43.8 |      2.9 |          3.78 |       0.26 |        0.17 |         -71 |       1 | 3.52e+14 | 1.46 | 21.42 |
|    Abell 0133 |        890681 |  15.16615 | -21.59885 | 0.0550 |    0.0020 | spec_z_boot |    8.3 |      1.5 |         33.02 |       2.27 |        1.47 |        -570 |       0 | 3.80e+13 | 0.70 | 10.51 |
|    Abell 0133 |       2820321 |  15.89367 | -21.17221 | 0.0855 |    0.0004 |   cg_spec_z |    4.8 |      2.2 |         44.31 |       3.04 |        1.97 |        8092 |       0 | 1.85e+13 | 0.54 |  5.46 |
|    Abell 0133 |        486880 |  16.78272 | -21.87249 | 0.0647 |    0.0004 |   cg_spec_z |    5.1 |      2.3 |         61.73 |       4.23 |        2.75 |        2184 |       0 | 1.97e+13 | 0.56 |  7.24 |
|    Abell 0133 |       1094380 |  14.30683 | -21.89620 | 0.0522 |    0.0005 | spec_z_boot |    7.0 |      2.2 |         76.13 |       5.22 |        3.39 |       -1350 |       0 | 3.03e+13 | 0.65 | 10.23 |
|    Abell 0133 |       3095407 |  14.41179 | -20.79316 | 0.0863 |    0.0004 |   cg_spec_z |   12.9 |      1.7 |         96.15 |       6.60 |        4.28 |        8307 |       0 | 6.88e+13 | 0.84 |  8.38 |
|    Abell 0133 |         88050 |  17.60365 | -21.57245 | 0.0777 |    0.0115 |     photo_z |    8.2 |      1.1 |        109.14 |       7.49 |        4.86 |        5883 |       0 | 3.73e+13 | 0.69 |  7.53 |
|    Abell 0151 |          1489 |  17.18223 | -15.42092 | 0.0538 |    0.0003 | spec_z_boot |   84.9 |      5.0 |          1.92 |       0.12 |        0.09 |         214 |       1 | 8.59e+14 | 1.97 | 30.37 |
|    Abell 0151 |         25079 |  17.31301 | -15.44742 | 0.0547 |    0.0007 | spec_z_boot |    6.9 |      2.2 |          6.32 |       0.41 |        0.31 |         482 |       0 | 2.98e+13 | 0.64 |  9.74 |
|    Abell 0168 |       1719999 |  18.62270 |   0.47018 | 0.0456 |    0.0007 | spec_z_boot |    5.6 |      1.3 |         12.43 |       0.67 |        0.52 |         449 |       1 | 2.23e+13 | 0.59 | 10.53 |
|    Abell 0168 |       3253747 |  19.64366 |  -0.16039 | 0.0776 |    0.0003 | spec_z_boot |    4.1 |      1.4 |         60.21 |       3.23 |        2.50 |        9638 |       0 | 1.49e+13 | 0.51 |  5.55 |
|    Abell 0168 |       1736398 |  20.09643 |  -0.07897 | 0.0774 |    0.0004 | spec_z_boot |   13.0 |      1.7 |         83.60 |       4.49 |        3.48 |        9599 |       0 | 6.91e+13 | 0.84 |  9.29 |
|    Abell 0168 |       2396709 |  17.21867 |  -0.65539 | 0.0452 |    0.0000 |   cg_spec_z |    6.3 |      1.5 |        109.28 |       5.86 |        4.55 |         356 |       0 | 2.64e+13 | 0.62 | 11.22 |
|    Abell 0496 |       1026605 |  67.67683 | -11.79824 | 0.0570 |    0.0168 |     photo_z |    5.4 |      1.9 |         97.60 |       4.06 |        2.35 |        6748 |       0 | 2.13e+13 | 0.57 |  8.38 |
|    Abell 0496 |        905066 |  69.53954 | -11.23109 | 0.0553 |    0.0040 | spec_z_boot |   12.2 |      3.0 |        138.53 |       5.76 |        3.33 |        6263 |       0 | 6.34e+13 | 0.83 | 12.40 |
|    Abell 0496 |        738617 |  65.23301 | -12.67512 | 0.0612 |    0.0004 |   cg_spec_z |    4.1 |      0.9 |        189.03 |       7.86 |        4.54 |        7967 |       0 | 1.46e+13 | 0.51 |  6.91 |
|    Abell 0496 |       2621443 |  67.94241 | -10.13154 | 0.0380 |    0.0021 | spec_z_boot |    5.2 |      1.8 |        189.65 |       7.88 |        4.56 |        1257 |       0 | 2.04e+13 | 0.57 | 12.17 |
|    Abell 0500 |          2602 |  69.69038 | -22.12732 | 0.0684 |    0.0005 | spec_z_boot |   44.9 |      2.9 |          2.17 |       0.17 |        0.13 |         400 |       1 | 3.65e+14 | 1.47 | 18.16 |
|    Abell 0500 |        123781 |  70.03452 | -21.85789 | 0.0679 |    0.0013 | spec_z_boot |   13.8 |      3.4 |         22.92 |       1.82 |        1.33 |         265 |       0 | 7.51e+13 | 0.87 | 10.80 |
|    Abell 0500 |       2994611 |  69.47095 | -22.56167 | 0.0668 |    0.0018 | spec_z_boot |    3.5 |      0.9 |         30.85 |       2.45 |        1.79 |         -43 |       0 | 1.18e+13 | 0.47 |  5.91 |
|    Abell 0500 |       1013790 |  70.20279 | -21.77423 | 0.0672 |    0.0003 | spec_z_boot |    5.9 |      1.5 |         33.41 |       2.65 |        1.94 |          55 |       0 | 2.41e+13 | 0.60 |  7.46 |
|    Abell 0500 |       2573275 |  68.98785 | -22.32289 | 0.0675 |    0.0017 | spec_z_boot |   25.9 |      2.9 |         42.59 |       3.38 |        2.47 |         148 |       0 | 1.75e+14 | 1.15 | 14.39 |
|    Abell 0500 |       2781198 |  69.46339 | -21.15483 | 0.0764 |    0.0127 |     photo_z |    4.4 |      1.5 |         58.43 |       4.64 |        3.39 |        2636 |       0 | 1.65e+13 | 0.52 |  5.84 |
|    Abell 0500 |       1595629 |  69.77715 | -23.13017 | 0.0717 |    0.0149 |     photo_z |    3.7 |      0.9 |         61.90 |       4.91 |        3.59 |        1307 |       0 | 1.28e+13 | 0.48 |  5.70 |
|    Abell 0500 |       1780576 |  70.91698 | -21.74541 | 0.0646 |    0.0139 |     photo_z |    7.9 |      1.7 |         70.16 |       5.57 |        4.06 |        -686 |       0 | 3.57e+13 | 0.68 |  8.84 |
|    Abell 0500 |       2157879 |  70.82412 | -22.67827 | 0.0746 |    0.0004 |   cg_spec_z |   10.3 |      1.8 |         70.60 |       5.60 |        4.09 |        2138 |       0 | 5.10e+13 | 0.76 |  8.69 |
|    Abell 0500 |       3106590 |  70.39152 | -23.13267 | 0.0733 |    0.0002 |   cg_spec_z |    5.8 |      1.5 |         72.38 |       5.75 |        4.19 |        1781 |       0 | 2.38e+13 | 0.59 |  6.85 |
|    Abell 0500 |       2784707 |  68.60093 | -22.80760 | 0.0667 |    0.0004 |   cg_spec_z |    5.9 |      1.4 |         75.00 |       5.95 |        4.35 |         -96 |       0 | 2.42e+13 | 0.60 |  7.54 |
|    Abell 0500 |        212392 |  70.75728 | -21.26059 | 0.0660 |    0.0004 |   cg_spec_z |    6.5 |      1.7 |         76.86 |       6.10 |        4.45 |        -278 |       0 | 2.75e+13 | 0.62 |  7.94 |
|    Abell 0548 |        815751 |  87.73649 | -23.96849 | 0.0460 |    0.0004 |   cg_spec_z |    3.9 |      1.5 |         96.87 |       4.87 |        3.64 |        1446 |       0 | 1.36e+13 | 0.50 |  8.86 |
|    Abell 0754 |       2546827 | 137.43329 |  -9.73222 | 0.0549 |    0.0008 | spec_z_boot |   10.9 |      2.6 |         19.09 |       1.25 |        0.53 |         260 |       0 | 5.47e+13 | 0.79 | 11.88 |
|    Abell 0754 |         18308 | 136.80531 |  -9.61529 | 0.0547 |    0.0007 | spec_z_boot |   10.2 |      2.1 |         19.38 |       1.26 |        0.53 |         186 |       0 | 4.99e+13 | 0.76 | 11.58 |
|    Abell 0754 |         21377 | 137.04607 | -10.00073 | 0.0534 |    0.0004 | spec_z_boot |   15.5 |      2.0 |         23.65 |       1.54 |        0.65 |        -169 |       1 | 8.80e+13 | 0.92 | 14.30 |
|    Abell 0754 |        320731 | 137.60698 |  -9.80466 | 0.0536 |    0.0028 | spec_z_boot |    9.6 |      4.6 |         30.24 |       1.97 |        0.83 |        -105 |       0 | 4.65e+13 | 0.75 | 11.51 |
|    Abell 0754 |       2037090 | 137.65663 |  -9.50294 | 0.0557 |    0.0010 | spec_z_boot |    5.7 |      4.3 |         31.72 |       2.07 |        0.87 |         473 |       0 | 2.30e+13 | 0.59 |  8.79 |
|    Abell 0754 |        207745 | 136.63961 |  -9.36086 | 0.0558 |    0.0002 |   cg_spec_z |    4.0 |      1.0 |         32.96 |       2.15 |        0.91 |         523 |       0 | 1.44e+13 | 0.50 |  7.49 |
|    Abell 0754 |       3166228 | 137.29728 | -10.68361 | 0.0824 |    0.0114 |     photo_z |    7.7 |      2.0 |         64.79 |       4.23 |        1.78 |        8073 |       0 | 3.43e+13 | 0.67 |  6.94 |
|    Abell 0754 |        844285 | 138.15119 | -10.76622 | 0.0871 |    0.0139 |     photo_z |    5.1 |      1.2 |         91.53 |       5.97 |        2.52 |        9423 |       0 | 1.96e+13 | 0.55 |  5.47 |
|    Abell 0754 |       2028191 | 134.95114 | -10.68553 | 0.0586 |    0.0165 |     photo_z |    3.6 |      1.0 |        143.95 |       9.39 |        3.96 |        1322 |       0 | 1.26e+13 | 0.48 |  6.84 |
|    Abell 0754 |        175386 | 139.63358 |  -9.88841 | 0.0662 |    0.0002 |   cg_spec_z |    6.0 |      1.3 |        148.77 |       9.71 |        4.10 |        3472 |       0 | 2.44e+13 | 0.60 |  7.60 |
|    Abell 0754 |       2120922 | 139.42346 |  -8.56502 | 0.0569 |    0.0172 |     photo_z |    6.3 |      4.6 |        149.64 |       9.76 |        4.12 |         828 |       0 | 2.63e+13 | 0.62 |  9.00 |
|    Abell 0754 |         35816 | 136.18396 | -12.28135 | 0.0544 |    0.0011 | spec_z_boot |   14.8 |      2.1 |        169.41 |      11.05 |        4.66 |         104 |       0 | 8.23e+13 | 0.90 | 13.75 |
|    Abell 0754 |       1997343 | 137.23691 |  -6.63658 | 0.0685 |    0.0004 |   cg_spec_z |    5.7 |      2.7 |        178.87 |      11.67 |        4.92 |        4116 |       0 | 2.32e+13 | 0.59 |  7.25 |
|    Abell 0754 |       2389113 | 139.03197 | -11.97477 | 0.0657 |    0.0158 |     photo_z |    4.4 |      1.1 |        180.43 |      11.77 |        4.97 |        3317 |       0 | 1.61e+13 | 0.52 |  6.67 |
|    Abell 0780 |       2696236 | 139.40978 | -12.23626 | 0.0537 |    0.0017 | spec_z_boot |   36.5 |      3.1 |         11.41 |       0.78 |        0.44 |        -936 |       1 | 2.76e+14 | 1.35 | 20.81 |
|    Abell 0780 |       2389113 | 139.03197 | -11.97477 | 0.0657 |    0.0158 |     photo_z |    4.4 |      1.1 |         29.65 |       2.04 |        1.13 |        2456 |       0 | 1.61e+13 | 0.52 |  6.67 |
|    Abell 0780 |        844285 | 138.15119 | -10.76622 | 0.0871 |    0.0139 |     photo_z |    5.1 |      1.2 |        113.00 |       7.76 |        4.31 |        8545 |       0 | 1.96e+13 | 0.55 |  5.47 |
|    Abell 0780 |        905300 | 141.20077 | -13.16820 | 0.0527 |    0.0004 |   cg_spec_z |    3.9 |      0.6 |        117.75 |       8.09 |        4.49 |       -1211 |       0 | 1.37e+13 | 0.50 |  7.78 |
|    Abell 0780 |       3276924 | 140.91078 | -10.53084 | 0.0850 |    0.0128 |     photo_z |    4.0 |      1.0 |        123.77 |       8.50 |        4.72 |        7938 |       0 | 1.45e+13 | 0.50 |  5.06 |
|    Abell 0957 |       2833818 | 153.35725 |  -0.78167 | 0.0447 |    0.0008 | spec_z_boot |   20.6 |      2.2 |          8.61 |       0.47 |        0.38 |         -81 |       1 | 1.28e+14 | 1.05 | 19.19 |
|    Abell 0957 |        215509 | 153.61901 |  -1.29010 | 0.0596 |    0.0002 |   cg_spec_z |    5.2 |      1.4 |         25.77 |       1.41 |        1.13 |        4192 |       0 | 2.04e+13 | 0.57 |  7.91 |
|    Abell 0957 |         88601 | 153.96944 |  -0.40347 | 0.0706 |    0.0004 |   cg_spec_z |    7.1 |      1.1 |         45.61 |       2.50 |        2.00 |        7349 |       0 | 3.07e+13 | 0.65 |  7.73 |
|    Abell 0957 |        168396 | 154.20303 |  -0.85037 | 0.0667 |    0.0065 | spec_z_boot |    6.2 |      1.1 |         47.86 |       2.62 |        2.10 |        6212 |       0 | 2.57e+13 | 0.61 |  7.68 |
|    Abell 0957 |         27313 | 153.96872 |   0.08832 | 0.0715 |    0.0004 |   cg_spec_z |   11.2 |      1.3 |         69.02 |       3.78 |        3.02 |        7602 |       0 | 5.71e+13 | 0.79 |  9.39 |
|    Abell 0957 |       3270064 | 152.22569 |  -0.28026 | 0.0699 |    0.0004 |   cg_spec_z |    9.2 |      5.0 |         80.54 |       4.41 |        3.53 |        7131 |       0 | 4.34e+13 | 0.73 |  8.76 |
|    Abell 0957 |       3522368 | 154.50813 |   0.03427 | 0.0643 |    0.0012 | spec_z_boot |   11.6 |      2.7 |         87.22 |       4.78 |        3.82 |        5533 |       0 | 5.95e+13 | 0.81 | 10.53 |
|    Abell 0957 |       1982731 | 153.84528 |   0.54924 | 0.0754 |    0.0068 | spec_z_boot |    6.5 |      1.4 |         91.75 |       5.02 |        4.02 |        8715 |       0 | 2.73e+13 | 0.62 |  6.99 |
|    Abell 0957 |       1077303 | 154.56656 |  -2.11315 | 0.0467 |    0.0004 |   cg_spec_z |    5.7 |      1.2 |         99.94 |       5.47 |        4.38 |         488 |       0 | 2.29e+13 | 0.59 | 10.39 |
|    Abell 0957 |       2566233 | 154.70007 |   0.38513 | 0.0739 |    0.0097 | spec_z_boot |    4.8 |      1.3 |        110.02 |       6.02 |        4.82 |        8284 |       0 | 1.82e+13 | 0.54 |  6.22 |
|    Abell 0957 |        125435 | 153.22705 |  -2.76831 | 0.0598 |    0.0004 |   cg_spec_z |    7.7 |      1.5 |        111.67 |       6.11 |        4.89 |        4246 |       0 | 3.44e+13 | 0.67 |  9.39 |
|    Abell 0957 |       2462828 | 152.49743 |  -2.54025 | 0.0608 |    0.0004 | spec_z_boot |   11.5 |      1.3 |        111.71 |       6.12 |        4.89 |        4519 |       0 | 5.86e+13 | 0.80 | 11.04 |
|    Abell 0957 |       2883255 | 152.08527 |  -2.28394 | 0.0729 |    0.0141 |     photo_z |    4.7 |      1.9 |        114.15 |       6.25 |        5.00 |        8003 |       0 | 1.76e+13 | 0.54 |  6.23 |
|    Abell 0970 |        658794 | 154.24363 | -10.63489 | 0.0594 |    0.0004 | spec_z_boot |   48.7 |      3.0 |          8.88 |       0.63 |        0.43 |         100 |       1 | 4.06e+14 | 1.53 | 21.53 |
|    Abell 0970 |       1431019 | 153.92886 | -10.90026 | 0.0568 |    0.0005 | spec_z_boot |   18.0 |      2.2 |         30.64 |       2.18 |        1.47 |        -625 |       0 | 1.07e+14 | 0.98 | 14.41 |
|    Abell 0970 |       3464085 | 155.00675 | -11.03849 | 0.0862 |    0.0105 |     photo_z |    8.2 |      1.2 |         42.62 |       3.03 |        2.04 |        7704 |       0 | 3.78e+13 | 0.69 |  6.87 |
|    Abell 0970 |        184425 | 154.40290 |  -9.84354 | 0.0745 |    0.0002 |   cg_spec_z |    9.2 |      5.3 |         49.35 |       3.50 |        2.37 |        4389 |       0 | 4.37e+13 | 0.73 |  8.27 |
|    Abell 0970 |        857845 | 154.32286 |  -9.70250 | 0.0627 |    0.0004 |   cg_spec_z |    6.1 |      1.9 |         57.95 |       4.11 |        2.78 |        1047 |       0 | 2.50e+13 | 0.60 |  8.07 |
|    Abell 0970 |         75205 | 154.50416 |  -9.61430 | 0.0564 |    0.0002 |   cg_spec_z |    6.1 |      3.3 |         63.46 |       4.50 |        3.04 |        -738 |       0 | 2.51e+13 | 0.61 |  8.94 |
|    Abell 0970 |       1717017 | 154.13895 |  -9.50795 | 0.0659 |    0.0004 |   cg_spec_z |    3.7 |      1.3 |         71.06 |       5.04 |        3.41 |        1959 |       0 | 1.31e+13 | 0.49 |  6.21 |
|    Abell 0970 |        753745 | 153.51401 |  -9.47033 | 0.0633 |    0.0160 |     photo_z |    5.1 |      1.3 |         88.49 |       6.28 |        4.24 |        1217 |       0 | 2.01e+13 | 0.56 |  7.43 |
|    Abell 1069 |       2755649 | 159.93419 |  -8.58329 | 0.0653 |    0.0008 | spec_z_boot |   25.5 |      3.0 |          5.99 |       0.44 |        0.40 |         928 |       1 | 1.71e+14 | 1.15 | 14.75 |
|    Abell 1069 |         29679 | 160.17852 |  -8.78699 | 0.0652 |    0.0009 | spec_z_boot |    8.3 |      1.5 |         16.05 |       1.19 |        1.08 |         911 |       0 | 3.83e+13 | 0.70 |  8.96 |
|    Abell 1069 |       2663901 | 160.43935 |  -8.24777 | 0.0655 |    0.0002 |   cg_spec_z |    5.7 |      1.2 |         39.98 |       2.96 |        2.69 |         991 |       0 | 2.31e+13 | 0.59 |  7.55 |
|    Abell 1069 |       3150944 | 160.14872 |  -7.99970 | 0.0686 |    0.0080 | spec_z_boot |   10.4 |      2.0 |         43.02 |       3.19 |        2.90 |        1877 |       0 | 5.15e+13 | 0.77 |  9.43 |
|    Abell 1069 |       1579439 | 160.73514 |  -7.97912 | 0.0646 |    0.0000 |   cg_spec_z |    3.8 |      1.2 |         63.82 |       4.73 |        4.30 |         721 |       0 | 1.32e+13 | 0.49 |  6.34 |
|    Abell 1520 |          1663 | 184.82230 | -13.24732 | 0.0690 |    0.0007 | spec_z_boot |    8.2 |      1.4 |          0.95 |       0.08 |        0.05 |         294 |       0 | 3.73e+13 | 0.69 |  8.42 |
|    Abell 1520 |         26589 | 184.89568 | -13.43655 | 0.0730 |    0.0076 | spec_z_boot |   10.1 |      4.7 |         11.22 |       0.91 |        0.61 |        1413 |       0 | 4.96e+13 | 0.76 |  8.79 |
|    Abell 1520 |       1212427 | 185.08361 | -13.36975 | 0.0698 |    0.0002 |   cg_spec_z |   11.4 |      2.3 |         16.09 |       1.30 |        0.88 |         507 |       1 | 5.80e+13 | 0.80 |  9.66 |
|    Abell 1520 |         18459 | 184.97471 | -13.63918 | 0.0734 |    0.0002 |   cg_spec_z |   15.0 |      1.6 |         24.23 |       1.96 |        1.32 |        1526 |       0 | 8.37e+13 | 0.90 | 10.40 |
|    Abell 1520 |        100173 | 184.45991 | -13.68521 | 0.1019 |    0.0089 |     photo_z |    8.6 |      1.5 |         33.50 |       2.71 |        1.83 |        9520 |       0 | 4.00e+13 | 0.70 |  6.00 |
|    Abell 1520 |       1046713 | 184.82225 | -13.83647 | 0.1006 |    0.0072 |     photo_z |   22.6 |      4.8 |         34.59 |       2.80 |        1.89 |        9156 |       0 | 1.46e+14 | 1.07 |  9.34 |
|    Abell 1520 |        339664 | 184.25041 | -13.37379 | 0.0676 |    0.0002 |   cg_spec_z |    3.4 |      1.3 |         34.64 |       2.80 |        1.89 |        -116 |       0 | 1.17e+13 | 0.47 |  5.84 |
|    Abell 1520 |       3310130 | 185.16984 | -13.90704 | 0.0829 |    0.0138 |     photo_z |    3.3 |      1.2 |         43.53 |       3.52 |        2.38 |        4188 |       0 | 1.11e+13 | 0.46 |  4.73 |
|    Abell 1520 |       3263407 | 185.37960 | -13.90047 | 0.1027 |    0.0002 |   cg_spec_z |   10.4 |      1.7 |         49.96 |       4.04 |        2.73 |        9737 |       0 | 5.17e+13 | 0.76 |  6.49 |
|    Abell 1520 |         57860 | 185.79223 | -13.73899 | 0.0921 |    0.0004 |   cg_spec_z |   10.9 |      1.3 |         62.96 |       5.09 |        3.44 |        6773 |       0 | 5.49e+13 | 0.78 |  7.32 |
|    Abell 1520 |       1393442 | 184.27032 | -12.22867 | 0.0820 |    0.0002 |   cg_spec_z |    5.1 |      1.2 |         70.07 |       5.67 |        3.83 |        3921 |       0 | 2.01e+13 | 0.56 |  5.83 |
|    Abell 1520 |         59064 | 185.66526 | -14.29280 | 0.0678 |    0.0006 | spec_z_boot |   26.3 |      3.3 |         78.72 |       6.37 |        4.30 |         -43 |       0 | 1.79e+14 | 1.16 | 14.43 |
|    Abell 1631 |       2525421 | 192.99702 | -15.40002 | 0.0473 |    0.0004 | spec_z_boot |   29.2 |      9.4 |         12.66 |       0.73 |        0.56 |          97 |       1 | 2.04e+14 | 1.22 | 21.24 |
|    Abell 1631 |        174940 | 192.53679 | -14.99884 | 0.0468 |    0.0009 | spec_z_boot |    6.6 |      2.7 |         46.10 |       2.64 |        2.03 |         -60 |       0 | 2.77e+13 | 0.63 | 11.04 |
|    Abell 1631 |       1461522 | 192.87670 | -14.33837 | 0.0430 |    0.0014 | spec_z_boot |    8.8 |      1.8 |         66.66 |       3.82 |        2.94 |       -1143 |       0 | 4.10e+13 | 0.72 | 13.64 |
|    Abell 1631 |       3014337 | 194.38463 | -15.72922 | 0.0501 |    0.0158 |     photo_z |    4.4 |      0.9 |         70.38 |       4.04 |        3.11 |         899 |       0 | 1.62e+13 | 0.53 |  8.63 |
|    Abell 1644 |        484076 | 194.37111 | -17.93878 | 0.0480 |    0.0002 |   cg_spec_z |    5.5 |      1.4 |         32.62 |       1.90 |        1.08 |          -5 |       0 | 2.18e+13 | 0.58 |  9.95 |
|    Abell 1644 |       3014337 | 194.38463 | -15.72922 | 0.0501 |    0.0158 |     photo_z |    4.4 |      0.9 |        100.38 |       5.85 |        3.32 |         612 |       0 | 1.62e+13 | 0.53 |  8.63 |
|    Abell 1644 |       2920298 | 195.93251 | -16.80329 | 0.0446 |    0.0046 | spec_z_boot |    6.2 |      1.4 |        100.50 |       5.85 |        3.33 |        -960 |       0 | 2.58e+13 | 0.61 | 11.27 |
|    Abell 1644 |       1563202 | 194.01661 | -19.19093 | 0.0748 |    0.0153 |     photo_z |    4.0 |      1.0 |        108.62 |       6.33 |        3.60 |        7655 |       0 | 1.43e+13 | 0.50 |  5.68 |
|    Abell 1644 |        413300 | 195.34035 | -15.48210 | 0.0613 |    0.0004 |   cg_spec_z |    4.9 |      1.5 |        129.85 |       7.56 |        4.30 |        3807 |       0 | 1.86e+13 | 0.55 |  7.46 |
|    Abell 1644 |       2525421 | 192.99702 | -15.40002 | 0.0473 |    0.0004 | spec_z_boot |   29.2 |      9.4 |        141.35 |       8.24 |        4.68 |        -189 |       0 | 2.04e+14 | 1.22 | 21.24 |
|    Abell 2399 |         25755 | 329.34754 |  -7.97055 | 0.0583 |    0.0003 | spec_z_boot |   52.3 |      3.6 |          9.58 |       0.67 |        0.46 |          95 |       1 | 4.47e+14 | 1.58 | 22.60 |
|    Abell 2399 |       2959256 | 329.39054 |  -7.45814 | 0.0678 |    0.0153 | spec_z_boot |   10.1 |      6.1 |         21.37 |       1.49 |        1.03 |        2777 |       0 | 4.96e+13 | 0.76 |  9.42 |
|    Abell 2399 |       1110105 | 329.03648 |  -8.13289 | 0.0929 |    0.0037 | spec_z_boot |    3.4 |      0.9 |         26.51 |       1.85 |        1.28 |        9878 |       0 | 1.14e+13 | 0.46 |  4.31 |
|    Abell 2399 |       2546373 | 329.33065 |  -7.05834 | 0.0859 |    0.0000 |   cg_spec_z |    5.2 |      1.6 |         45.16 |       3.16 |        2.18 |        7906 |       0 | 2.06e+13 | 0.56 |  5.63 |
|    Abell 2399 |        712965 | 330.06129 |  -7.31966 | 0.0841 |    0.0091 | spec_z_boot |    5.8 |      1.3 |         51.95 |       3.63 |        2.50 |        7397 |       0 | 2.38e+13 | 0.59 |  6.02 |
|    Abell 2399 |       2716795 | 330.16684 |  -8.14948 | 0.0919 |    0.0122 |     photo_z |    7.2 |      4.4 |         53.05 |       3.71 |        2.56 |        9602 |       0 | 3.15e+13 | 0.65 |  6.09 |
|    Abell 2399 |        959335 | 329.18239 |  -6.90315 | 0.0647 |    0.0002 | spec_z_boot |    9.4 |      2.2 |         55.29 |       3.86 |        2.66 |        1908 |       0 | 4.49e+13 | 0.73 |  9.52 |
|    Abell 2399 |       1924781 | 328.68956 |  -8.48887 | 0.0735 |    0.0006 | spec_z_boot |    5.8 |      1.4 |         56.18 |       3.93 |        2.71 |        4382 |       0 | 2.36e+13 | 0.59 |  6.82 |
|    Abell 2399 |        118742 | 328.52725 |  -8.65014 | 0.0740 |    0.0004 | spec_z_boot |   21.9 |      3.0 |         69.83 |       4.88 |        3.37 |        4532 |       0 | 1.40e+14 | 1.07 | 12.26 |
|    Abell 2399 |        695629 | 328.22481 |  -7.06721 | 0.0673 |    0.0045 | spec_z_boot |    5.9 |      1.6 |         80.06 |       5.59 |        3.86 |        2625 |       0 | 2.43e+13 | 0.60 |  7.48 |
|    Abell 2399 |       1068663 | 328.58735 |  -8.91949 | 0.0745 |    0.0057 | spec_z_boot |    4.1 |      1.3 |         80.19 |       5.60 |        3.86 |        4665 |       0 | 1.48e+13 | 0.51 |  5.76 |
|    Abell 2399 |       2377579 | 330.81322 |  -7.79636 | 0.0857 |    0.0003 | spec_z_boot |    6.0 |      1.6 |         87.46 |       6.11 |        4.21 |        7848 |       0 | 2.48e+13 | 0.60 |  6.00 |
|    Abell 2399 |        534576 | 329.47667 |  -6.33285 | 0.0890 |    0.0120 |     photo_z |    4.0 |      1.0 |         89.05 |       6.22 |        4.29 |        8789 |       0 | 1.46e+13 | 0.50 |  4.86 |
|    Abell 2399 |        175385 | 328.52154 |  -6.52651 | 0.0638 |    0.0131 |     photo_z |   11.1 |      2.2 |         91.25 |       6.38 |        4.40 |        1631 |       0 | 5.61e+13 | 0.79 | 10.40 |
|    Abell 2399 |        161882 | 328.82211 |  -9.29777 | 0.0732 |    0.0000 |   cg_spec_z |    7.0 |      2.1 |         94.39 |       6.60 |        4.55 |        4313 |       0 | 3.04e+13 | 0.64 |  7.44 |
|    Abell 2399 |        110688 | 327.93013 |  -7.03149 | 0.0642 |    0.0107 | spec_z_boot |   11.1 |      2.0 |         96.15 |       6.72 |        4.63 |        1755 |       0 | 5.62e+13 | 0.79 | 10.34 |
|    Abell 2415 |         25977 | 331.39789 |  -5.53600 | 0.0574 |    0.0004 | spec_z_boot |   28.7 |      3.0 |          3.61 |       0.25 |        0.23 |        -172 |       1 | 2.00e+14 | 1.21 | 17.56 |
|    Abell 2415 |       2484383 | 331.75665 |  -5.02193 | 0.0925 |    0.0004 |   cg_spec_z |    6.6 |      1.2 |         39.96 |       2.78 |        2.51 |        9773 |       0 | 2.80e+13 | 0.62 |  5.82 |
|    Abell 2415 |         68338 | 330.89631 |  -6.43538 | 0.0541 |    0.0039 | spec_z_boot |   13.7 |      5.3 |         59.19 |       4.12 |        3.72 |       -1094 |       0 | 7.46e+13 | 0.87 | 13.36 |
|    Abell 2415 |        818294 | 330.69093 |  -6.67700 | 0.0562 |    0.0004 |   cg_spec_z |    4.1 |      1.0 |         78.00 |       5.43 |        4.90 |        -519 |       0 | 1.48e+13 | 0.51 |  7.53 |
|    Abell 2457 |          9517 | 339.06397 |   1.40136 | 0.0582 |    0.0004 | spec_z_boot |   65.3 |     10.3 |         10.68 |       0.74 |        0.61 |          65 |       1 | 6.03e+14 | 1.75 | 25.02 |
|    Abell 2457 |        204268 | 338.84133 |   1.20547 | 0.0573 |    0.0007 | spec_z_boot |   12.2 |      5.6 |         18.64 |       1.30 |        1.06 |        -188 |       0 | 6.38e+13 | 0.83 | 12.01 |
|    Abell 2457 |       2681352 | 339.07143 |   1.21057 | 0.0842 |    0.0089 | spec_z_boot |    5.2 |      1.6 |         19.92 |       1.39 |        1.14 |        7425 |       0 | 2.03e+13 | 0.56 |  5.71 |
|    Abell 2457 |        450779 | 338.36026 |   1.90342 | 0.0603 |    0.0002 | spec_z_boot |    5.8 |      1.2 |         41.18 |       2.87 |        2.35 |         658 |       0 | 2.33e+13 | 0.59 |  8.18 |
|    Abell 2457 |        564551 | 338.72330 |   2.18826 | 0.0579 |    0.0001 |   cg_spec_z |    4.4 |      1.6 |         42.60 |       2.96 |        2.43 |         -41 |       0 | 1.62e+13 | 0.52 |  7.55 |
|    Abell 2457 |        388214 | 338.55749 |   0.60816 | 0.0880 |    0.0002 | spec_z_boot |    3.9 |      1.8 |         58.09 |       4.04 |        3.31 |        8511 |       0 | 1.39e+13 | 0.49 |  4.83 |
|    Abell 2457 |       3363490 | 340.31191 |   1.68648 | 0.0729 |    0.0125 | spec_z_boot |   10.1 |      1.3 |         84.18 |       5.86 |        4.80 |        4213 |       0 | 4.96e+13 | 0.76 |  8.80 |
|    Abell 2457 |       1631692 | 337.92365 |   2.57202 | 0.0617 |    0.0066 | spec_z_boot |    5.4 |      1.4 |         87.52 |       6.09 |        4.99 |        1056 |       0 | 2.13e+13 | 0.57 |  7.76 |
|    Abell 2717 |         13228 |   0.91287 | -35.91378 | 0.0500 |    0.0003 | spec_z_boot |   25.9 |      2.9 |          5.41 |       0.33 |        0.30 |           3 |       1 | 1.74e+14 | 1.16 | 19.10 |
|    Abell 2717 |       2491292 |   0.22159 | -35.98636 | 0.0502 |    0.0004 |   cg_spec_z |    5.5 |      1.9 |         28.47 |       1.72 |        1.58 |          51 |       0 | 2.20e+13 | 0.58 |  9.56 |
|    Abell 2717 |        281461 | 359.96943 | -34.99468 | 0.0486 |    0.0004 | spec_z_boot |    5.5 |      1.2 |         69.52 |       4.21 |        3.86 |        -401 |       0 | 2.16e+13 | 0.58 |  9.80 |
|    Abell 2717 |       3036499 |   2.51661 | -35.37967 | 0.0500 |    0.0007 | spec_z_boot |    9.1 |      5.6 |         89.84 |       5.44 |        4.99 |           4 |       0 | 4.27e+13 | 0.73 | 11.97 |
|    Abell 2734 |          9919 |   2.84849 | -28.83523 | 0.0613 |    0.0004 | spec_z_boot |   37.1 |      2.7 |          1.36 |       0.10 |        0.08 |          93 |       1 | 2.82e+14 | 1.36 | 18.48 |
|    Abell 2734 |        592544 |   1.84616 | -28.19766 | 0.0625 |    0.0062 | spec_z_boot |    8.6 |      5.6 |         65.40 |       4.79 |        3.71 |         422 |       0 | 4.00e+13 | 0.71 |  9.47 |
|    Abell 2870 |         55803 |  11.86283 | -48.23682 | 0.0501 |    0.0006 | spec_z_boot |    4.0 |      1.7 |        220.31 |       6.35 |        4.00 |        7931 |       0 | 1.44e+13 | 0.50 |  8.32 |
|    Abell 2870 |        317531 |  11.84107 | -48.24166 | 0.0518 |    0.0004 |   cg_spec_z |    4.3 |      1.2 |        221.23 |       6.38 |        4.01 |        8425 |       0 | 1.58e+13 | 0.52 |  8.31 |
|    Abell 2870 |       1599131 |  15.80454 | -42.72260 | 0.0485 |    0.0085 | spec_z_boot |   16.3 |      2.4 |        255.20 |       7.36 |        4.63 |        7468 |       0 | 9.33e+13 | 0.94 | 15.99 |
|    Abell 2870 |       2973148 |  16.10579 | -51.17074 | 0.0547 |    0.0164 |     photo_z |    3.8 |      1.2 |        258.30 |       7.45 |        4.68 |        9286 |       0 | 1.32e+13 | 0.49 |  7.42 |
|    Abell 3223 |       2944547 |  61.98170 | -30.67986 | 0.0617 |    0.0007 | spec_z_boot |   30.1 |      2.6 |         13.58 |       0.97 |        0.71 |         494 |       1 | 2.14e+14 | 1.24 | 16.74 |
|    Abell 3223 |         16552 |  62.05076 | -31.20429 | 0.0668 |    0.0119 |     photo_z |    9.3 |      2.0 |         18.64 |       1.34 |        0.97 |        1924 |       0 | 4.46e+13 | 0.73 |  9.22 |
|    Abell 3223 |        920606 |  61.33869 | -30.31908 | 0.0597 |    0.0012 | spec_z_boot |    9.1 |      2.0 |         51.04 |       3.66 |        2.65 |         -92 |       0 | 4.28e+13 | 0.72 | 10.12 |
|    Abell 3223 |        565109 |  63.06187 | -30.89516 | 0.0596 |    0.0004 |   cg_spec_z |    3.5 |      0.9 |         51.22 |       3.67 |        2.66 |        -122 |       0 | 1.18e+13 | 0.47 |  6.60 |
|    Abell 3223 |        457780 |  60.79378 | -31.29415 | 0.0656 |    0.0004 |   cg_spec_z |    3.4 |      1.1 |         69.69 |       5.00 |        3.62 |        1587 |       0 | 1.13e+13 | 0.46 |  5.94 |
|    Abell 3223 |       1079797 |  63.19253 | -31.89468 | 0.0760 |    0.0145 |     photo_z |    4.1 |      1.1 |         83.23 |       5.97 |        4.32 |        4524 |       0 | 1.48e+13 | 0.51 |  5.65 |
|    Abell 3266 |           451 |  67.83063 | -61.68466 | 0.0594 |    0.0009 | spec_z_boot |    8.5 |      2.3 |         14.10 |       0.92 |        0.50 |        1534 |       0 | 3.92e+13 | 0.70 |  9.87 |
|    Abell 3266 |       2091017 |  67.38661 | -61.24790 | 0.0596 |    0.0005 | spec_z_boot |   96.4 |      6.6 |         17.07 |       1.11 |        0.61 |        1585 |       1 | 1.02e+15 | 2.08 | 29.18 |
|    Abell 3266 |         13646 |  68.10284 | -61.20176 | 0.0585 |    0.0004 | spec_z_boot |   13.0 |      3.0 |         17.20 |       1.12 |        0.61 |        1276 |       0 | 6.92e+13 | 0.85 | 12.10 |
|    Abell 3266 |        243378 |  68.58511 | -61.58065 | 0.0574 |    0.0009 | spec_z_boot |    4.0 |      1.4 |         23.68 |       1.54 |        0.84 |         979 |       0 | 1.42e+13 | 0.50 |  7.26 |
|    Abell 3266 |       3468136 |  68.73102 | -61.40365 | 0.0570 |    0.0007 | spec_z_boot |    4.1 |      1.6 |         26.74 |       1.74 |        0.95 |         839 |       0 | 1.47e+13 | 0.51 |  7.40 |
|    Abell 3266 |       2771586 |  67.71830 | -60.77814 | 0.0616 |    0.0002 |   cg_spec_z |    4.3 |      1.4 |         40.39 |       2.63 |        1.43 |        2155 |       0 | 1.60e+13 | 0.52 |  7.07 |
|    Abell 3266 |        172199 |  66.39267 | -61.20299 | 0.0571 |    0.0002 |   cg_spec_z |    5.5 |      2.3 |         43.25 |       2.82 |        1.53 |         888 |       0 | 2.17e+13 | 0.58 |  8.40 |
|    Abell 3266 |        204338 |  69.50849 | -61.72405 | 0.0577 |    0.0143 |     photo_z |   15.1 |      5.0 |         51.36 |       3.35 |        1.82 |        1047 |       0 | 8.48e+13 | 0.91 | 13.13 |
|    Abell 3266 |       2113193 |  69.26423 | -60.80490 | 0.0562 |    0.0168 |     photo_z |    3.3 |      0.9 |         57.33 |       3.74 |        2.03 |         634 |       0 | 1.10e+13 | 0.46 |  6.81 |
|    Abell 3266 |        233140 |  68.69595 | -62.36094 | 0.0701 |    0.0149 |     photo_z |    7.1 |      3.6 |         60.18 |       3.93 |        2.13 |        4582 |       0 | 3.11e+13 | 0.65 |  7.81 |
|    Abell 3266 |       2877104 |  66.21439 | -60.79562 | 0.0689 |    0.0118 |     photo_z |   14.0 |      2.0 |         60.52 |       3.95 |        2.15 |        4234 |       0 | 7.68e+13 | 0.88 | 10.73 |
|    Abell 3266 |       1274789 |  68.12731 | -60.34689 | 0.0822 |    0.0125 |     photo_z |    4.2 |      1.4 |         66.85 |       4.36 |        2.37 |        8015 |       0 | 1.51e+13 | 0.51 |  5.29 |
|    Abell 3266 |       1468964 |  67.93517 | -62.65173 | 0.0608 |    0.0165 |     photo_z |    6.7 |      4.0 |         72.20 |       4.71 |        2.56 |        1940 |       0 | 2.84e+13 | 0.63 |  8.67 |
|    Abell 3266 |       1791453 |  70.43930 | -61.38603 | 0.0875 |    0.0121 |     photo_z |    5.6 |      1.6 |         75.73 |       4.94 |        2.68 |        9521 |       0 | 2.25e+13 | 0.58 |  5.71 |
|    Abell 3266 |       2528821 |  68.41281 | -62.71527 | 0.0798 |    0.0130 |     photo_z |    5.8 |      2.7 |         77.82 |       5.08 |        2.76 |        7329 |       0 | 2.36e+13 | 0.59 |  6.31 |
|    Abell 3266 |        255237 |  66.51831 | -60.19735 | 0.0732 |    0.0139 |     photo_z |    4.8 |      1.6 |         84.04 |       5.48 |        2.98 |        5464 |       0 | 1.85e+13 | 0.55 |  6.31 |
|    Abell 3266 |       2748052 |  66.86369 | -60.02649 | 0.0604 |    0.0011 | spec_z_boot |   12.3 |      3.1 |         89.75 |       5.85 |        3.18 |        1823 |       0 | 6.47e+13 | 0.83 | 11.48 |
|    Abell 3266 |       2298265 |  66.27229 | -63.32823 | 0.0748 |    0.0156 |     photo_z |    5.8 |      1.4 |        120.47 |       7.86 |        4.27 |        5924 |       0 | 2.34e+13 | 0.59 |  6.69 |
|    Abell 3266 |        363479 |  64.54332 | -60.18372 | 0.0638 |    0.0003 |   cg_spec_z |    3.8 |      1.2 |        121.93 |       7.95 |        4.32 |        2774 |       0 | 1.35e+13 | 0.49 |  6.47 |
|    Abell 3266 |         92181 |  69.21588 | -59.52619 | 0.0870 |    0.0098 |     photo_z |   11.9 |      2.3 |        122.73 |       8.01 |        4.35 |        9389 |       0 | 6.20e+13 | 0.81 |  8.04 |
|    Abell 3266 |        178677 |  63.28951 | -61.24005 | 0.0551 |    0.0001 |   cg_spec_z |    5.9 |      1.5 |        130.48 |       8.51 |        4.63 |         320 |       0 | 2.43e+13 | 0.60 |  9.03 |
|    Abell 3266 |       2886334 |  72.37537 | -60.84595 | 0.0527 |    0.0161 |     photo_z |    4.2 |      1.1 |        137.19 |       8.95 |        4.86 |        -370 |       0 | 1.54e+13 | 0.52 |  8.10 |
|    Abell 3301 |          4148 |  75.21091 | -38.65460 | 0.0542 |    0.0010 | spec_z_boot |   36.5 |      4.0 |          1.61 |       0.11 |        0.08 |          66 |       1 | 2.76e+14 | 1.35 | 20.63 |
|    Abell 3301 |       1715307 |  75.05371 | -38.93005 | 0.0547 |    0.0004 |   cg_spec_z |    4.1 |      1.1 |         16.49 |       1.08 |        0.83 |         205 |       0 | 1.47e+13 | 0.51 |  7.69 |
|    Abell 3301 |        214808 |  75.57449 | -38.53771 | 0.0555 |    0.0004 |   cg_spec_z |    8.7 |      1.8 |         19.72 |       1.29 |        0.99 |         415 |       0 | 4.04e+13 | 0.71 | 10.64 |
|    Abell 3301 |       1180664 |  74.48349 | -37.94808 | 0.0542 |    0.0022 | spec_z_boot |    4.1 |      1.2 |         55.11 |       3.60 |        2.77 |          46 |       0 | 1.50e+13 | 0.51 |  7.82 |
|    Abell 3341 |        119527 |  80.00230 | -30.39283 | 0.0584 |    0.0004 |   cg_spec_z |    5.0 |      0.9 |        101.55 |       4.69 |        3.91 |        6057 |       0 | 1.93e+13 | 0.56 |  7.92 |
|    Abell 3341 |        208492 |  81.61550 | -29.83827 | 0.0457 |    0.0004 |   cg_spec_z |    6.9 |      2.2 |        106.03 |       4.90 |        4.08 |        2390 |       0 | 2.96e+13 | 0.64 | 11.55 |
|    Abell 3341 |        122939 |  83.54437 | -31.15310 | 0.0506 |    0.0108 | spec_z_boot |    6.8 |      1.5 |        113.40 |       5.24 |        4.37 |        3802 |       0 | 2.91e+13 | 0.64 | 10.42 |
|    Abell 3376 |          1778 |  90.57197 | -39.94289 | 0.0468 |    0.0004 | spec_z_boot |   42.2 |      3.8 |         19.25 |       1.08 |        0.70 |         243 |       1 | 3.34e+14 | 1.44 | 25.30 |
|    Abell 3376 |       3210030 |  90.38957 | -39.08638 | 0.0460 |    0.0004 | spec_z_boot |   21.6 |      8.2 |         57.70 |       3.24 |        2.10 |          -5 |       0 | 1.36e+14 | 1.07 | 19.08 |
|    Abell 3376 |       1291505 |  91.93837 | -39.39506 | 0.0487 |    0.0020 | spec_z_boot |    4.9 |      1.7 |         90.15 |       5.06 |        3.28 |         775 |       0 | 1.89e+13 | 0.55 |  9.36 |
|    Abell 3376 |        507896 |  88.19252 | -39.92512 | 0.0587 |    0.0161 |     photo_z |    4.0 |      1.6 |         91.15 |       5.11 |        3.32 |        3626 |       0 | 1.45e+13 | 0.51 |  7.18 |
|    Abell 3391 |         43332 |  96.94305 | -53.50215 | 0.0553 |    0.0015 | spec_z_boot |   16.7 |      2.9 |         17.04 |       1.05 |        0.67 |        1231 |       1 | 9.70e+13 | 0.95 | 14.29 |
|    Abell 3391 |         26532 |  95.73152 | -53.57632 | 0.0541 |    0.0023 | spec_z_boot |    7.3 |      2.5 |         31.56 |       1.94 |        1.25 |         896 |       0 | 3.21e+13 | 0.66 | 10.08 |
|    Abell 3391 |       1191979 |  95.76025 | -53.28379 | 0.0578 |    0.0018 | spec_z_boot |   19.7 |      8.0 |         38.76 |       2.39 |        1.53 |        1949 |       0 | 1.21e+14 | 1.02 | 14.74 |
|    Abell 3391 |       3120204 |  97.28893 | -54.48301 | 0.0513 |    0.0014 | spec_z_boot |   16.8 |      6.6 |         53.11 |       3.27 |        2.10 |          82 |       0 | 9.79e+13 | 0.96 | 15.40 |
|    Abell 3391 |       1074316 |  95.00781 | -52.86971 | 0.0433 |    0.0004 |   cg_spec_z |    5.6 |      2.4 |         75.53 |       4.65 |        2.98 |       -2191 |       0 | 2.24e+13 | 0.59 | 11.08 |
|    Abell 3391 |         16182 |  97.41813 | -52.23797 | 0.0817 |    0.0152 | spec_z_boot |   38.2 |      3.4 |         92.46 |       5.70 |        3.65 |        8755 |       0 | 2.94e+14 | 1.37 | 14.32 |
|    Abell 3395 |       3120204 |  97.28893 | -54.48301 | 0.0513 |    0.0014 | spec_z_boot |   16.8 |      6.6 |         13.89 |       0.84 |        0.51 |         368 |       1 | 9.79e+13 | 0.96 | 15.40 |
|    Abell 3395 |         43332 |  96.94305 | -53.50215 | 0.0553 |    0.0015 | spec_z_boot |   16.7 |      2.9 |         55.87 |       3.38 |        2.05 |        1517 |       0 | 9.70e+13 | 0.95 | 14.29 |
|    Abell 3395 |         26532 |  95.73152 | -53.57632 | 0.0541 |    0.0023 | spec_z_boot |    7.3 |      2.5 |         65.88 |       3.98 |        2.41 |        1183 |       0 | 3.21e+13 | 0.66 | 10.08 |
|    Abell 3395 |       1191979 |  95.76025 | -53.28379 | 0.0578 |    0.0018 | spec_z_boot |   19.7 |      8.0 |         79.88 |       4.83 |        2.93 |        2237 |       0 | 1.21e+14 | 1.02 | 14.74 |
|    Abell 3395 |         39511 |  97.79852 | -56.09027 | 0.0532 |    0.0013 | spec_z_boot |   17.9 |      5.5 |        104.07 |       6.29 |        3.81 |         905 |       0 | 1.06e+14 | 0.98 | 15.28 |
|    Abell 3395 |        547031 |  97.92155 | -56.14194 | 0.0528 |    0.0025 | spec_z_boot |   11.7 |      6.3 |        108.31 |       6.55 |        3.97 |         789 |       0 | 6.03e+13 | 0.81 | 12.75 |
|    Abell 3395 |       1074316 |  95.00781 | -52.86971 | 0.0433 |    0.0004 |   cg_spec_z |    5.6 |      2.4 |        115.43 |       6.98 |        4.23 |       -1907 |       0 | 2.24e+13 | 0.59 | 11.08 |
|    Abell 3395 |       1007064 |  98.54588 | -56.15784 | 0.0540 |    0.0012 | spec_z_boot |   13.1 |      2.6 |        117.77 |       7.12 |        4.32 |        1153 |       0 | 6.98e+13 | 0.85 | 13.09 |
|    Abell 3395 |         16182 |  97.41813 | -52.23797 | 0.0817 |    0.0152 | spec_z_boot |   38.2 |      3.4 |        133.00 |       8.04 |        4.88 |        9049 |       0 | 2.94e+14 | 1.37 | 14.32 |
|    Abell 3490 |         89891 | 176.47677 | -34.44665 | 0.0692 |    0.0006 | spec_z_boot |   36.9 |      3.5 |          9.86 |       0.80 |        0.58 |          62 |       1 | 2.81e+14 | 1.35 | 16.47 |
|    Abell 3490 |        130196 | 176.61149 | -34.02586 | 0.0675 |    0.0028 | spec_z_boot |    4.5 |      1.6 |         23.04 |       1.88 |        1.36 |        -422 |       0 | 1.67e+13 | 0.53 |  6.58 |
|    Abell 3490 |       2673049 | 176.01723 | -34.85230 | 0.0686 |    0.0002 |   cg_spec_z |    5.2 |      1.3 |         34.84 |       2.84 |        2.06 |        -112 |       0 | 2.05e+13 | 0.57 |  6.94 |
|    Abell 3490 |        111282 | 176.96926 | -34.65486 | 0.0957 |    0.0105 |     photo_z |    6.1 |      0.9 |         36.92 |       3.01 |        2.18 |        7485 |       0 | 2.52e+13 | 0.60 |  5.45 |
|    Abell 3490 |       2333760 | 176.61912 | -33.72045 | 0.0536 |    0.0150 |     photo_z |    6.7 |      2.0 |         39.41 |       3.22 |        2.33 |       -4312 |       0 | 2.86e+13 | 0.63 |  9.80 |
|    Abell 3490 |       2541219 | 175.63730 | -33.78392 | 0.0835 |    0.0126 |     photo_z |    3.8 |      1.1 |         47.76 |       3.90 |        2.82 |        4064 |       0 | 1.35e+13 | 0.49 |  5.03 |
|    Abell 3490 |       3109547 | 176.17213 | -35.13746 | 0.1007 |    0.0080 |     photo_z |   11.0 |      1.7 |         48.91 |       3.99 |        2.89 |        8903 |       0 | 5.58e+13 | 0.78 |  6.78 |
|    Abell 3490 |       3424200 | 177.38614 | -34.45485 | 0.0977 |    0.0079 |     photo_z |   15.3 |      2.2 |         52.66 |       4.30 |        3.11 |        8052 |       0 | 8.68e+13 | 0.90 |  8.07 |
|    Abell 3490 |       1033011 | 176.86516 | -33.53011 | 0.0618 |    0.0155 |     photo_z |    7.4 |      1.8 |         54.98 |       4.49 |        3.25 |       -2015 |       0 | 3.26e+13 | 0.66 |  8.94 |
|    Abell 3490 |       2269347 | 177.62352 | -34.20973 | 0.0763 |    0.0002 |   cg_spec_z |    3.8 |      1.1 |         64.42 |       5.26 |        3.81 |        2042 |       0 | 1.36e+13 | 0.49 |  5.48 |
|    Abell 3490 |        234836 | 175.06484 | -33.94356 | 0.0535 |    0.0089 | spec_z_boot |    5.4 |      1.2 |         67.17 |       5.48 |        3.97 |       -4353 |       0 | 2.12e+13 | 0.57 |  8.88 |
|    Abell 3490 |        715830 | 177.62255 | -33.95454 | 0.0571 |    0.0002 |   cg_spec_z |   10.9 |      2.0 |         67.95 |       5.55 |        4.02 |       -3350 |       0 | 5.45e+13 | 0.79 | 11.45 |
|    Abell 3490 |        812346 | 177.80609 | -34.43747 | 0.0914 |    0.0100 |     photo_z |    6.8 |      1.4 |         73.21 |       5.97 |        4.33 |        6268 |       0 | 2.94e+13 | 0.63 |  5.99 |
|    Abell 3490 |        219666 | 174.66251 | -34.48302 | 0.1021 |    0.0088 |     photo_z |    8.0 |      1.3 |         83.18 |       6.79 |        4.92 |        9283 |       0 | 3.61e+13 | 0.67 |  5.79 |
|    Abell 3497 |          6086 | 180.05144 | -31.32101 | 0.0684 |    0.0006 | spec_z_boot |   30.8 |      2.9 |          4.14 |       0.33 |        0.24 |         112 |       1 | 2.20e+14 | 1.25 | 15.35 |
|    Abell 3497 |        242561 | 180.38336 | -30.99718 | 0.0681 |    0.0004 |   cg_spec_z |    4.6 |      1.2 |         29.86 |       2.40 |        1.73 |          20 |       0 | 1.75e+13 | 0.54 |  6.63 |
|    Abell 3497 |        733488 | 179.89795 | -32.01327 | 0.0999 |    0.0099 |     photo_z |    3.5 |      1.1 |         38.29 |       3.08 |        2.22 |        8965 |       0 | 1.21e+13 | 0.47 |  4.10 |
|    Abell 3497 |       2384639 | 180.72815 | -31.59224 | 0.0615 |    0.0167 |     photo_z |    3.5 |      1.1 |         38.55 |       3.10 |        2.23 |       -1814 |       0 | 1.19e+13 | 0.47 |  6.41 |
|    Abell 3497 |        666715 | 179.54611 | -32.00263 | 0.1002 |    0.0099 |     photo_z |    4.5 |      1.3 |         44.24 |       3.56 |        2.56 |        9051 |       0 | 1.70e+13 | 0.53 |  4.58 |
|    Abell 3497 |        655909 | 179.16481 | -31.58759 | 0.0673 |    0.0002 |   cg_spec_z |    9.8 |      1.7 |         45.24 |       3.64 |        2.62 |        -199 |       0 | 4.72e+13 | 0.75 |  9.33 |
|    Abell 3497 |       1109765 | 180.14992 | -30.59119 | 0.1019 |    0.0097 |     photo_z |    6.1 |      2.1 |         48.01 |       3.86 |        2.78 |        9514 |       0 | 2.53e+13 | 0.60 |  5.15 |
|    Abell 3497 |         62599 | 179.16336 | -31.76171 | 0.0677 |    0.0002 |   cg_spec_z |    4.2 |      2.5 |         49.15 |       3.95 |        2.84 |         -77 |       0 | 1.54e+13 | 0.51 |  6.39 |
|    Abell 3497 |        446831 | 179.01363 | -31.32267 | 0.1008 |    0.0099 |     photo_z |    3.5 |      1.4 |         51.48 |       4.14 |        2.98 |        9208 |       0 | 1.20e+13 | 0.47 |  4.06 |
|    Abell 3497 |       2672186 | 179.33295 | -32.09800 | 0.0629 |    0.0167 |     photo_z |    5.6 |      3.7 |         55.27 |       4.45 |        3.20 |       -1425 |       0 | 2.22e+13 | 0.58 |  7.74 |
|    Abell 3497 |       1873708 | 179.29078 | -32.15178 | 0.0689 |    0.0002 |   cg_spec_z |   13.5 |      4.3 |         59.12 |       4.76 |        3.42 |         264 |       0 | 7.31e+13 | 0.86 | 10.55 |
|    Abell 3497 |       1368142 | 178.96467 | -31.90578 | 0.1029 |    0.0089 |     photo_z |    7.4 |      1.5 |         62.18 |       5.00 |        3.60 |        9807 |       0 | 3.30e+13 | 0.65 |  5.57 |
|    Abell 3497 |        144991 | 178.77308 | -31.29397 | 0.1013 |    0.0004 |   cg_spec_z |    5.1 |      1.6 |         63.91 |       5.14 |        3.70 |        9350 |       0 | 1.98e+13 | 0.55 |  4.77 |
|    Abell 3497 |       1368274 | 178.86112 | -30.93506 | 0.0646 |    0.0002 |   cg_spec_z |    4.6 |      1.6 |         65.09 |       5.24 |        3.77 |        -943 |       0 | 1.73e+13 | 0.53 |  6.94 |
|    Abell 3526 |        365434 | 187.68729 | -39.60504 | 0.0118 |    0.0004 |   cg_spec_z |    4.0 |      1.4 |        229.89 |       3.21 |        2.34 |         243 |       0 | 1.43e+13 | 0.51 | 33.95 |
|    Abell 3526 |       2998454 | 200.44477 | -41.73535 | 0.0388 |    0.0004 |   cg_spec_z |    5.5 |      1.5 |        371.15 |       5.17 |        3.78 |        8229 |       0 | 2.18e+13 | 0.58 | 12.22 |
|    Abell 3526 |       1644683 | 201.87364 | -41.16216 | 0.0368 |    0.0002 |   cg_spec_z |    6.8 |      4.1 |        436.38 |       6.08 |        4.44 |        7642 |       0 | 2.92e+13 | 0.64 | 14.17 |
|    Abell 3565 |       3497096 | 204.29283 | -31.89219 | 0.0430 |    0.0029 | spec_z_boot |   11.6 |      3.3 |        140.64 |       2.33 |        1.94 |        8871 |       0 | 5.96e+13 | 0.81 | 15.46 |
|    Abell 3565 |        360030 | 197.99602 | -33.63114 | 0.0349 |    0.0002 | spec_z_boot |    4.7 |      1.6 |        301.92 |       4.99 |        4.16 |        6487 |       0 | 1.80e+13 | 0.55 | 12.67 |
|    Abell 3571 |       1532706 | 205.49423 | -34.05527 | 0.0509 |    0.0011 | spec_z_boot |    4.7 |      1.6 |         99.83 |       4.79 |        2.41 |        3422 |       0 | 1.78e+13 | 0.54 |  8.80 |
|    Abell 3571 |       1012418 | 206.54989 | -30.93308 | 0.0659 |    0.0161 |     photo_z |    4.1 |      1.2 |        116.09 |       5.57 |        2.80 |        7748 |       0 | 1.47e+13 | 0.51 |  6.45 |
|    Abell 3571 |        288763 | 205.36319 | -34.36854 | 0.0515 |    0.0014 | spec_z_boot |    7.9 |      1.8 |        118.17 |       5.67 |        2.85 |        3607 |       0 | 3.56e+13 | 0.68 | 10.95 |
|    Abell 3571 |        227182 | 207.47518 | -34.98196 | 0.0491 |    0.0013 | spec_z_boot |    7.5 |      4.8 |        131.50 |       6.31 |        3.17 |        2928 |       0 | 3.34e+13 | 0.67 | 11.21 |
|    Abell 3571 |       3497096 | 204.29283 | -31.89219 | 0.0430 |    0.0029 | spec_z_boot |   11.6 |      3.3 |        142.56 |       6.84 |        3.44 |        1147 |       0 | 5.96e+13 | 0.81 | 15.46 |
|    Abell 3571 |        730018 | 206.38868 | -35.26944 | 0.0701 |    0.0153 |     photo_z |    4.2 |      1.5 |        147.17 |       7.06 |        3.55 |        8964 |       0 | 1.51e+13 | 0.51 |  6.15 |
|    Abell 3571 |        723853 | 205.32803 | -30.62052 | 0.0513 |    0.0002 |   cg_spec_z |    3.7 |      1.0 |        155.08 |       7.44 |        3.74 |        3549 |       0 | 1.31e+13 | 0.49 |  7.87 |
|    Abell 3571 |       2352364 | 207.74586 | -30.32336 | 0.0678 |    0.0156 |     photo_z |    5.3 |      4.2 |        158.04 |       7.58 |        3.81 |        8304 |       0 | 2.06e+13 | 0.57 |  7.03 |
|    Abell 3571 |        759603 | 203.62698 | -32.97304 | 0.0507 |    0.0004 | spec_z_boot |    5.4 |      1.1 |        163.41 |       7.84 |        3.94 |        3369 |       0 | 2.15e+13 | 0.58 |  9.40 |
|    Abell 3571 |       1911011 | 207.43542 | -30.13924 | 0.0736 |    0.0005 | spec_z_boot |    9.2 |      1.9 |        165.16 |       7.92 |        3.98 |        9996 |       0 | 4.40e+13 | 0.73 |  8.38 |
|    Abell 3571 |        150321 | 208.40251 | -30.34257 | 0.0734 |    0.0002 |   cg_spec_z |   14.6 |      4.8 |        169.60 |       8.13 |        4.09 |        9918 |       0 | 8.15e+13 | 0.89 | 10.32 |
|    Abell 3571 |         56984 | 208.11822 | -35.80743 | 0.0729 |    0.0002 |   cg_spec_z |    8.6 |      2.8 |        188.00 |       9.02 |        4.53 |        9791 |       0 | 4.00e+13 | 0.70 |  8.19 |
|    Abell 3571 |       1302581 | 203.03997 | -32.79214 | 0.0488 |    0.0004 | spec_z_boot |   24.7 |      2.9 |        193.03 |       9.26 |        4.65 |        2822 |       0 | 1.64e+14 | 1.14 | 19.17 |
|    Abell 3571 |        102906 | 207.75744 | -36.15986 | 0.0732 |    0.0013 | spec_z_boot |    8.5 |      2.5 |        203.46 |       9.76 |        4.90 |        9871 |       0 | 3.95e+13 | 0.70 |  8.12 |
|    Abell 3574 |       3497096 | 204.29283 | -31.89219 | 0.0430 |    0.0029 | spec_z_boot |   11.6 |      3.3 |        179.84 |       3.64 |        2.67 |        7959 |       0 | 5.96e+13 | 0.81 | 15.46 |
|    Abell 3574 |       1707457 | 202.66775 | -29.38245 | 0.0484 |    0.0006 | spec_z_boot |   10.7 |      1.8 |        246.47 |       4.98 |        3.66 |        9556 |       0 | 5.32e+13 | 0.78 | 13.29 |
|    Abell 3574 |       2866052 | 202.52295 | -31.60167 | 0.0492 |    0.0021 | spec_z_boot |    5.6 |      2.1 |        256.31 |       5.18 |        3.81 |        9799 |       0 | 2.22e+13 | 0.58 |  9.77 |
|    Abell 3574 |       1302581 | 203.03997 | -32.79214 | 0.0488 |    0.0004 | spec_z_boot |   24.7 |      2.9 |        262.33 |       5.31 |        3.90 |        9672 |       0 | 1.64e+14 | 1.14 | 19.17 |
|    Abell 3574 |        593714 | 202.32080 | -32.04277 | 0.0477 |    0.0025 | spec_z_boot |    4.3 |      1.7 |        274.47 |       5.55 |        4.08 |        9355 |       0 | 1.59e+13 | 0.52 |  9.00 |
|    Abell 3574 |        227182 | 207.47518 | -34.98196 | 0.0491 |    0.0013 | spec_z_boot |    7.5 |      4.8 |        279.54 |       5.65 |        4.16 |        9781 |       0 | 3.34e+13 | 0.67 | 11.21 |
|    Abell 3574 |       1434378 | 201.25429 | -31.53301 | 0.0472 |    0.0009 | spec_z_boot |    7.8 |      6.1 |        318.32 |       6.44 |        4.73 |        9194 |       0 | 3.50e+13 | 0.68 | 11.85 |
|    Abell 3581 |       1597783 | 212.59098 | -28.62180 | 0.0563 |    0.0002 |   cg_spec_z |    4.1 |      1.0 |        103.78 |       2.99 |        2.43 |        9773 |       0 | 1.48e+13 | 0.51 |  7.50 |
|    Abell 3651 |         13049 | 297.95422 | -55.11410 | 0.0605 |    0.0009 | spec_z_boot |   78.5 |      5.6 |          5.00 |       0.36 |        0.26 |         130 |       1 | 7.73e+14 | 1.90 | 26.22 |
|    Abell 3651 |         70041 | 298.70676 | -55.26588 | 0.0570 |    0.0028 | spec_z_boot |   16.3 |      3.5 |         25.08 |       1.81 |        1.32 |        -850 |       0 | 9.34e+13 | 0.94 | 13.71 |
|    Abell 3651 |       1255750 | 298.39148 | -55.63461 | 0.0601 |    0.0004 |   cg_spec_z |    5.3 |      1.3 |         36.09 |       2.60 |        1.90 |          25 |       0 | 2.09e+13 | 0.57 |  7.91 |
|    Abell 3651 |        102568 | 299.62133 | -55.15358 | 0.0574 |    0.0011 | spec_z_boot |   30.0 |      3.2 |         53.60 |       3.86 |        2.82 |        -729 |       0 | 2.12e+14 | 1.23 | 17.88 |
|    Abell 3667 |           215 | 303.12861 | -56.79833 | 0.0556 |    0.0005 | spec_z_boot |  122.9 |      7.3 |          1.19 |       0.08 |        0.04 |         742 |       1 | 1.42e+15 | 2.33 | 34.77 |
|    Abell 3667 |         40992 | 303.49439 | -57.03965 | 0.0551 |    0.0006 | spec_z_boot |   30.5 |      6.3 |         18.35 |       1.18 |        0.61 |         584 |       0 | 2.16e+14 | 1.24 | 18.75 |
|    Abell 3667 |         87209 | 302.10604 | -56.65698 | 0.0587 |    0.0018 | spec_z_boot |   10.4 |      3.8 |         34.46 |       2.21 |        1.14 |        1634 |       0 | 5.15e+13 | 0.77 | 10.92 |
|    Abell 3667 |       2731391 | 303.00859 | -56.22956 | 0.0519 |    0.0008 | spec_z_boot |    3.5 |      0.9 |         35.35 |       2.26 |        1.17 |        -314 |       0 | 1.17e+13 | 0.47 |  7.51 |
|    Abell 3667 |       1988011 | 303.90322 | -57.31278 | 0.0556 |    0.0006 | spec_z_boot |    8.6 |      2.4 |         39.43 |       2.53 |        1.30 |         743 |       0 | 3.99e+13 | 0.71 | 10.57 |
|    Abell 3667 |        375970 | 304.51988 | -56.86576 | 0.0858 |    0.0127 |     photo_z |    3.7 |      1.3 |         46.30 |       2.97 |        1.53 |        9329 |       0 | 1.28e+13 | 0.48 |  4.82 |
|    Abell 3667 |        262774 | 301.73522 | -56.42161 | 0.0561 |    0.0019 | spec_z_boot |   14.5 |      6.4 |         51.24 |       3.28 |        1.69 |         872 |       0 | 7.99e+13 | 0.89 | 13.22 |
|    Abell 3667 |        350935 | 304.50545 | -55.65882 | 0.0606 |    0.0004 |   cg_spec_z |    3.7 |      1.3 |         83.54 |       5.35 |        2.76 |        2172 |       0 | 1.30e+13 | 0.49 |  6.70 |
|    Abell 3667 |       2328868 | 300.62841 | -56.18730 | 0.0559 |    0.0009 | spec_z_boot |   13.1 |      4.9 |         90.48 |       5.80 |        2.99 |         827 |       0 | 6.97e+13 | 0.85 | 12.67 |
|    Abell 3667 |       2672740 | 304.54799 | -58.13045 | 0.0843 |    0.0141 |     photo_z |    4.5 |      1.0 |         91.46 |       5.86 |        3.02 |        8908 |       0 | 1.68e+13 | 0.53 |  5.36 |
|    Abell 3667 |        377535 | 305.49633 | -57.77697 | 0.0567 |    0.0004 |   cg_spec_z |    4.3 |      1.1 |         96.42 |       6.18 |        3.18 |        1059 |       0 | 1.59e+13 | 0.52 |  7.63 |
|    Abell 3667 |       2707087 | 304.08337 | -54.81433 | 0.0643 |    0.0176 |     photo_z |    5.2 |      2.1 |        124.48 |       7.98 |        4.11 |        3203 |       0 | 2.05e+13 | 0.57 |  7.39 |
|    Abell 3667 |        634888 | 303.00440 | -54.55840 | 0.0603 |    0.0004 |   cg_spec_z |    4.3 |      1.0 |        135.51 |       8.68 |        4.48 |        2067 |       0 | 1.60e+13 | 0.52 |  7.21 |
|    Abell 3667 |        120072 | 302.26324 | -54.45044 | 0.0521 |    0.0013 | spec_z_boot |   16.3 |      2.8 |        144.81 |       9.28 |        4.78 |        -266 |       0 | 9.35e+13 | 0.94 | 14.95 |
|    Abell 3667 |        971607 | 299.01657 | -57.97372 | 0.0845 |    0.0123 |     photo_z |    4.9 |      2.4 |        149.49 |       9.58 |        4.94 |        8969 |       0 | 1.86e+13 | 0.54 |  5.53 |
|    Abell 3716 |        291054 | 312.28603 | -53.05081 | 0.0435 |    0.0012 | spec_z_boot |    5.0 |      1.6 |         29.30 |       1.60 |        1.00 |        -437 |       0 | 1.91e+13 | 0.56 | 10.46 |
|    Abell 3716 |        293357 | 312.04807 | -52.48145 | 0.0758 |    0.0141 |     photo_z |    3.6 |      1.2 |         33.26 |       1.82 |        1.14 |        8831 |       0 | 1.25e+13 | 0.48 |  5.35 |
|    Abell 3716 |         49912 | 313.18580 | -52.02757 | 0.0476 |    0.0007 | spec_z_boot |   22.4 |      3.0 |         42.85 |       2.35 |        1.47 |         747 |       0 | 1.43e+14 | 1.09 | 18.79 |
|    Abell 3716 |        188033 | 311.54678 | -52.65293 | 0.0501 |    0.0056 | spec_z_boot |    4.8 |      1.6 |         48.46 |       2.65 |        1.66 |        1449 |       0 | 1.81e+13 | 0.55 |  8.99 |
|    Abell 3716 |        471974 | 311.12115 | -53.55911 | 0.0481 |    0.0012 | spec_z_boot |    4.7 |      1.4 |         80.89 |       4.43 |        2.77 |         889 |       0 | 1.78e+13 | 0.54 |  9.27 |
|    Abell 3716 |         77844 | 310.06791 | -53.03301 | 0.0443 |    0.0013 | spec_z_boot |   11.6 |      2.6 |        103.41 |       5.66 |        3.54 |        -208 |       0 | 5.93e+13 | 0.81 | 15.00 |
|    Abell 3716 |       1812674 | 313.83768 | -54.75780 | 0.0440 |    0.0002 |   cg_spec_z |    5.2 |      1.8 |        127.18 |       6.96 |        4.35 |        -288 |       0 | 2.02e+13 | 0.57 | 10.54 |
|    Abell 3716 |         45383 | 316.28352 | -51.83567 | 0.0499 |    0.0008 | spec_z_boot |   10.7 |      2.4 |        135.81 |       7.44 |        4.65 |        1406 |       0 | 5.32e+13 | 0.78 | 12.90 |
|    Abell 3809 |          5122 | 326.95932 | -43.88614 | 0.0625 |    0.0003 | spec_z_boot |   32.8 |      4.4 |          9.27 |       0.70 |        0.72 |        -135 |       1 | 2.39e+14 | 1.28 | 17.18 |
|    Abell 3809 |         40351 | 326.46964 | -43.89467 | 0.0629 |    0.0004 | spec_z_boot |    8.5 |      2.5 |         11.93 |       0.90 |        0.93 |         -39 |       0 | 3.91e+13 | 0.70 |  9.34 |
|    Abell 4059 |          3093 | 359.20738 | -34.71356 | 0.0491 |    0.0005 | spec_z_boot |   66.3 |      7.2 |          3.44 |       0.20 |        0.11 |         329 |       1 | 6.14e+14 | 1.77 | 29.59 |
|    Abell 4059 |       3458759 | 359.26594 | -34.99032 | 0.0497 |    0.0006 | spec_z_boot |    6.5 |      3.0 |         13.90 |       0.81 |        0.46 |         485 |       0 | 2.74e+13 | 0.63 | 10.38 |
|    Abell 4059 |       1221414 | 358.89886 | -34.60228 | 0.0557 |    0.0172 | spec_z_boot |    5.4 |      3.9 |         19.71 |       1.15 |        0.65 |        2200 |       0 | 2.15e+13 | 0.58 |  8.59 |
|    Abell 4059 |        281461 | 359.96943 | -34.99468 | 0.0486 |    0.0004 | spec_z_boot |    5.5 |      1.2 |         38.13 |       2.23 |        1.26 |         170 |       0 | 2.16e+13 | 0.58 |  9.80 |
|    Abell 4059 |       1344712 | 358.39128 | -34.61820 | 0.0550 |    0.0034 | spec_z_boot |    5.5 |      1.5 |         43.20 |       2.53 |        1.43 |        2010 |       0 | 2.16e+13 | 0.58 |  8.71 |
|    Abell 4059 |        485281 | 358.66674 | -34.14793 | 0.0736 |    0.0004 |   cg_spec_z |    6.4 |      5.1 |         46.66 |       2.73 |        1.54 |        7317 |       0 | 2.71e+13 | 0.62 |  7.13 |
|    Abell 4059 |       2545434 | 357.64752 | -34.47823 | 0.0604 |    0.0117 | spec_z_boot |   17.4 |      2.1 |         80.90 |       4.73 |        2.67 |        3548 |       0 | 1.02e+14 | 0.97 | 13.36 |
|    Abell 4059 |       2491292 |   0.22159 | -35.98636 | 0.0502 |    0.0004 |   cg_spec_z |    5.5 |      1.9 |         87.65 |       5.12 |        2.89 |         624 |       0 | 2.20e+13 | 0.58 |  9.56 |
|    Abell 4059 |       2988922 | 357.25909 | -35.00264 | 0.0435 |    0.0002 |   cg_spec_z |    4.8 |      1.3 |         99.08 |       5.79 |        3.27 |       -1298 |       0 | 1.83e+13 | 0.55 | 10.32 |
|    Abell 4059 |         13228 |   0.91287 | -35.91378 | 0.0500 |    0.0003 | spec_z_boot |   25.9 |      2.9 |        106.89 |       6.25 |        3.53 |         575 |       0 | 1.74e+14 | 1.16 | 19.10 |
|    Abell 4059 |       1337178 | 357.75497 | -36.09588 | 0.0673 |    0.0159 |     photo_z |    3.6 |      1.2 |        108.52 |       6.34 |        3.58 |        5532 |       0 | 1.25e+13 | 0.48 |  5.98 |
|    Abell 4059 |        116101 | 358.75371 | -32.90912 | 0.0586 |    0.0006 | spec_z_boot |   14.8 |      1.6 |        113.71 |       6.65 |        3.76 |        3045 |       0 | 8.27e+13 | 0.90 | 12.81 |
|    Abell 4059 |       2576117 | 356.71899 | -35.15226 | 0.0568 |    0.0001 | spec_z_boot |   10.9 |      4.8 |        126.68 |       7.40 |        4.18 |        2530 |       0 | 5.47e+13 | 0.79 | 11.50 |
|    Abell 4059 |       2754933 | 358.56591 | -37.11730 | 0.0569 |    0.0172 |     photo_z |   10.5 |      7.1 |        145.35 |       8.50 |        4.80 |        2555 |       0 | 5.24e+13 | 0.78 | 11.32 |
|    Abell S560 |       2228263 |  90.11437 | -58.86271 | 0.0372 |    0.0006 | spec_z_boot |   24.0 |     12.1 |         16.76 |       0.77 |        0.84 |          64 |       1 | 1.57e+14 | 1.13 | 24.54 |
|    Abell S560 |        295712 |  91.61836 | -58.63685 | 0.0710 |    0.0004 |   cg_spec_z |    3.3 |      0.9 |         44.40 |       2.03 |        2.23 |        9832 |       0 | 1.09e+13 | 0.46 |  5.44 |
|    Abell S560 |       1663181 |  91.06184 | -59.66004 | 0.0472 |    0.0004 |   cg_spec_z |    6.8 |      1.6 |         69.63 |       3.18 |        3.50 |        2946 |       0 | 2.92e+13 | 0.64 | 11.15 |
|    Abell S560 |       1812310 |  89.70341 | -60.05775 | 0.0668 |    0.0132 |     photo_z |    8.7 |      2.0 |         89.55 |       4.09 |        4.50 |        8613 |       0 | 4.07e+13 | 0.71 |  8.95 |
|        Fornax |       1719047 |  48.21339 | -28.37649 | 0.0376 |    0.0004 |   cg_spec_z |    8.4 |      1.6 |        534.82 |       3.44 |        4.99 |        9728 |       0 | 3.83e+13 | 0.70 | 15.18 |
| Hydra (A1060) |       2224279 | 161.10227 | -27.57166 | 0.0095 |    0.0002 |   cg_spec_z |   13.6 |      1.6 |        102.61 |       1.56 |        1.24 |        -732 |       0 | 7.32e+13 | 0.88 | 72.48 |
| Hydra (A1060) |        514335 | 154.42532 | -27.42480 | 0.0427 |    0.0004 |   cg_spec_z |    3.9 |      1.7 |        252.85 |       3.85 |        3.05 |        9106 |       0 | 1.39e+13 | 0.50 |  9.58 |
|       IIZw108 |       1940435 | 318.24051 |   2.89506 | 0.0486 |    0.0001 |   cg_spec_z |    5.2 |      1.8 |         24.56 |       1.44 |        1.28 |         177 |       0 | 2.03e+13 | 0.57 |  9.60 |
|       IIZw108 |        394167 | 319.92568 |   2.13735 | 0.0669 |    0.0004 |   cg_spec_z |    4.4 |      1.3 |         90.22 |       5.27 |        4.71 |        5417 |       0 | 1.62e+13 | 0.52 |  6.56 |
|          MKW8 |       1206393 | 219.14303 |   5.50109 | 0.0597 |    0.0002 | spec_z_boot |    4.4 |      1.3 |        136.52 |       4.58 |        4.21 |        9551 |       0 | 1.65e+13 | 0.53 |  7.36 |
