| CHANCES_FIELD | CHANCES_z | CHANCES_M200c | CHANCES_R200c_deg |     AXES | 2MRS | z_LEGACY | LAMBDA | LEGACY |      z |      RA_X |     DEC_X |        Lx |       eLx |     M200c |    eM200c | R200c_deg | CHANCES_DIST_deg | CHANCES_DIST_R200c | VPEC_kms |
|         A0085 |    0.0560 |     1.640e+15 |            0.6042 | 93190308 |    0 |   0.0736 |  16.82 |      1 | 0.0736 |  13.08682 |  -8.35705 | 2.747e+43 | 6.884e+42 | 2.353e+14 | 3.637e+13 |    0.2462 |           2.7763 |               4.59 |     4997 |
|         A0119 |    0.0434 |     5.270e+14 |            0.5279 | 93170306 |    0 |   0.0678 |  11.37 |      1 | 0.0678 |  14.02612 |   0.65866 | 2.114e+43 | 5.392e+42 | 1.998e+14 | 3.140e+13 |    0.2518 |           1.9468 |               3.69 |     7011 |
|         A0119 |    0.0434 |     5.270e+14 |            0.5279 | 93170314 |    0 |   0.1103 |  24.95 |      1 | 0.1103 |  11.53559 |  -0.85292 | 7.405e+43 | 1.741e+43 | 4.320e+14 | 6.280e+13 |    0.2073 |           2.5970 |               4.92 |    19222 |
|         A0119 |    0.0434 |     5.270e+14 |            0.5279 | 93170309 |    1 |  -1.0000 |  -1.00 |      0 | 0.0160 |  16.07449 |  -0.75861 | 1.673e+42 | 3.821e+41 | 2.794e+13 | 3.932e+12 |    0.5237 |           2.0470 |               3.88 |    -7873 |
|         A0147 |    0.0450 |     2.200e+14 |            0.3810 | 93170303 |    1 |  -1.0000 |  -1.00 |      0 | 0.0427 |  17.03786 |   2.21866 | 1.947e+43 | 2.638e+42 | 1.316e+14 | 1.115e+13 |    0.3369 |           0.0106 |               0.03 |     -660 |
|         A0151 |    0.0538 |     4.970e+14 |            0.4213 | 93200424 |    0 |   0.1022 |  25.54 |      1 | 0.1022 |  18.65449 | -16.24305 | 4.095e+43 | 1.133e+43 | 2.972e+14 | 5.050e+13 |    0.1962 |           1.5511 |               3.68 |    13769 |
|         A0194 |    0.0172 |     7.510e+13 |            0.6797 | 93170407 |    1 |  -1.0000 |  -1.00 |      0 | 0.0175 |  21.45023 |   1.80481 | 5.405e+42 | 5.887e+41 | 5.911e+13 | 4.044e+12 |    0.6158 |           3.2072 |               4.72 |       88 |
|         A0194 |    0.0172 |     7.510e+13 |            0.6797 | 93170421 |    1 |   0.0453 |  32.51 |      1 | 0.0438 |  18.77347 |   0.32037 | 4.387e+43 | 3.748e+42 | 2.212e+14 | 1.191e+13 |    0.3910 |           3.1917 |               4.70 |     7840 |
|         A0194 |    0.0172 |     7.510e+13 |            0.6797 | 93170432 |    1 |  -1.0000 |  -1.00 |      0 | 0.0261 |  20.55288 |  -0.96572 | 7.125e+42 | 1.117e+42 | 7.008e+13 | 6.845e+12 |    0.4401 |           1.0071 |               1.48 |     2623 |
|         A0548 |    0.0411 |     3.830e+14 |            0.5003 | 93221446 |    1 |   0.0389 |  14.85 |      1 | 0.0387 |  85.48569 | -26.13328 | 2.576e+43 | 2.461e+42 | 1.579e+14 | 9.498e+12 |    0.3931 |           1.6089 |               3.22 |     -691 |
|         A0548 |    0.0411 |     3.830e+14 |            0.5003 | 93221444 |    1 |   0.0429 |  27.78 |      1 | 0.0386 |  86.27201 | -25.98547 | 1.627e+43 | 1.963e+42 | 1.177e+14 | 8.902e+12 |    0.3573 |           0.9145 |               1.83 |     -720 |
|         A0754 |    0.0559 |     1.100e+15 |            0.5303 | 93192516 |    0 |   0.0926 |  24.02 |      1 | 0.0926 | 137.63589 | -10.60496 | 1.270e+44 | 1.429e+43 | 6.199e+14 | 4.397e+13 |    0.2745 |           1.0261 |               1.93 |    10420 |
|         A0780 |    0.0721 |     1.740e+15 |            0.4853 | 93192606 |    1 |  -1.0000 |  -1.00 |      0 | 0.0140 | 141.40188 | -12.46681 | 8.693e+41 | 2.834e+41 | 1.840e+13 | 3.643e+12 |    0.5199 |           1.8818 |               3.88 |   -16247 |
|         A0780 |    0.0721 |     1.740e+15 |            0.4853 | 93192516 |    0 |   0.0926 |  24.02 |      1 | 0.0926 | 137.63589 | -10.60496 | 1.270e+44 | 1.429e+43 | 6.199e+14 | 4.397e+13 |    0.2745 |           2.3906 |               4.93 |     5732 |
|         A0957 |    0.0457 |     2.350e+14 |            0.3841 | 93172801 |    0 |   0.2030 |  79.82 |      1 | 0.2030 | 152.75655 |  -2.02622 | 4.784e+44 | 9.156e+43 | 1.324e+15 | 1.577e+14 |    0.1756 |           1.3113 |               3.41 |    45096 |
|         A1069 |    0.0654 |     4.030e+14 |            0.3266 | 93192905 |    1 |  -1.0000 |  -1.00 |      0 | 0.0286 | 161.06120 |  -8.84413 | 4.059e+42 | 1.038e+42 | 4.879e+13 | 7.656e+12 |    0.3568 |           1.1350 |               3.48 |   -10355 |
|         A1644 |    0.0481 |     6.510e+14 |            0.5132 | 93203406 |    1 |   0.0464 |  54.75 |      1 | 0.0147 | 193.24511 | -15.28876 | 4.624e+42 | 6.712e+41 | 5.361e+13 | 4.858e+12 |    0.7076 |           2.3503 |               4.58 |    -9554 |
|         A2399 |    0.0582 |     3.670e+14 |            0.3536 | 93195939 |    0 |   0.0737 |  25.65 |      1 | 0.0737 | 328.55458 |  -8.57130 | 6.897e+43 | 1.447e+43 | 4.251e+14 | 5.535e+13 |    0.2994 |           1.0887 |               3.08 |     4391 |
|         A2415 |    0.0574 |     5.530e+14 |            0.4106 | 93185916 |    0 |   0.0566 |  18.83 |      1 | 0.0566 | 330.81308 |  -6.42944 | 3.273e+43 | 1.136e+43 | 2.669e+14 | 5.632e+13 |    0.3292 |           1.0156 |               2.47 |     -227 |
|         A2717 |    0.0488 |     8.200e+14 |            0.5466 | 93230130 |    0 |   0.1138 |  94.14 |      1 | 0.1138 |   1.48138 | -34.68636 | 2.417e+44 | 2.931e+43 | 9.212e+14 | 7.032e+13 |    0.2594 |           1.8625 |               3.41 |    18580 |
|         A2717 |    0.0488 |     8.200e+14 |            0.5466 | 93235531 |    0 |   0.0578 |  13.23 |      1 | 0.0578 | 357.87450 | -34.46237 | 2.189e+43 | 4.805e+42 | 2.059e+14 | 2.800e+13 |    0.2961 |           1.1388 |               2.08 |     2573 |
|         A2717 |    0.0488 |     8.200e+14 |            0.5466 | 93230102 |    0 |   0.0499 |  31.25 |      1 | 0.0499 |   0.80319 | -35.96290 | 5.615e+43 | 5.613e+42 | 3.795e+14 | 2.396e+13 |    0.4171 |           1.7811 |               3.26 |      314 |
|         A2870 |    0.0234 |     1.500e+14 |            0.6327 | 93250303 |    1 |  -1.0000 |  -1.00 |      0 | 0.0217 |  17.07226 | -46.87614 | 4.927e+42 | 1.032e+42 | 5.553e+13 | 7.186e+12 |    0.4888 |           1.0181 |               1.61 |     -498 |
|         A3266 |    0.0581 |     1.450e+15 |            0.5601 | 93280607 |    1 |  -1.0000 |  -1.00 |      0 | 0.0179 |  64.71222 | -60.86022 | 6.571e+41 | 1.878e+41 | 1.534e+13 | 2.677e+12 |    0.3847 |           1.6172 |               2.89 |   -11390 |
|         A3301 |    0.0543 |     2.600e+14 |            0.3367 | 93241214 |    1 |  -1.0000 |  -1.00 |      0 | 0.0029 |  75.97633 | -38.94850 | 4.157e+41 | 7.580e+40 | 1.157e+13 | 1.310e+12 |    2.1070 |           0.7081 |               2.10 |   -14616 |
|         A3341 |    0.0373 |     2.270e+14 |            0.4614 | 93221403 |    1 |   0.0362 |   7.89 |      1 | 0.0359 |  83.55900 | -30.62864 | 1.417e+43 | 2.242e+42 | 1.080e+14 | 1.064e+13 |    0.3731 |           2.1043 |               4.56 |     -405 |
|         A3376 |    0.0464 |     5.860e+14 |            0.5131 | 93241301 |    1 |  -1.0000 |  -1.00 |      0 | 0.0469 |  90.37129 | -40.00258 | 1.035e+44 | 4.790e+42 | 3.821e+14 | 1.123e+13 |    0.4389 |           0.0656 |               0.13 |      143 |
|         A3389 |    0.0281 |     1.530e+14 |            0.5332 | 93280904 |    0 |   0.0272 |   5.28 |      1 | 0.0272 |  96.42779 | -63.16904 | 5.706e+42 | 9.061e+41 | 8.886e+13 | 8.827e+12 |    0.4622 |           1.5549 |               2.92 |     -262 |
|         A3389 |    0.0281 |     1.530e+14 |            0.5332 | 93280911 |    1 |  -1.0000 |  -1.00 |      0 | 0.0461 |  90.62065 | -64.76098 | 9.025e+42 | 7.304e+41 | 8.025e+13 | 4.099e+12 |    0.2656 |           2.1139 |               3.96 |     5249 |
|         A3389 |    0.0281 |     1.530e+14 |            0.5332 | 93290819 |    1 |  -1.0000 |  -1.00 |      0 | 0.0369 |  92.22059 | -65.72745 | 4.221e+43 | 8.437e+41 | 2.170e+14 | 2.766e+12 |    0.4586 |           1.7529 |               3.29 |     2566 |
|         A3389 |    0.0281 |     1.530e+14 |            0.5332 | 93280906 |    1 |  -1.0000 |  -1.00 |      0 | 0.0267 |  91.27726 | -63.48930 | 4.128e+42 | 3.746e+41 | 4.939e+13 | 2.823e+12 |    0.3827 |           2.2193 |               4.16 |     -408 |
|         A3395 |    0.0548 |     7.410e+14 |            0.4731 | 93261201 |    0 |   0.1141 |  31.78 |      1 | 0.1141 |  94.23450 | -52.07036 | 1.455e+44 | 1.618e+43 | 6.647e+14 | 4.660e+13 |    0.2320 |           2.0984 |               4.44 |    16854 |
|         A3395 |    0.0548 |     7.410e+14 |            0.4731 | 93271110 |    0 |   0.2269 |  60.58 |      1 | 0.2269 |  99.81096 | -54.02981 | 1.017e+45 | 6.834e+43 | 2.105e+15 | 8.986e+13 |    0.1865 |           1.9602 |               4.14 |    48914 |
|         A3395 |    0.0548 |     7.410e+14 |            0.4731 | 93261218 |    0 |   0.0815 |  38.65 |      1 | 0.0815 |  97.43688 | -52.23585 | 3.972e+43 | 5.085e+42 | 2.963e+14 | 2.385e+13 |    0.2417 |           1.4915 |               3.15 |     7589 |
|         A3395 |    0.0548 |     7.410e+14 |            0.4731 | 93271105 |    1 |   0.0505 |  65.45 |      1 | 0.0489 |  96.80732 | -54.49082 | 1.525e+44 | 4.655e+42 | 4.889e+14 | 9.502e+12 |    0.4578 |           0.8727 |               1.84 |    -1677 |
|         A3395 |    0.0548 |     7.410e+14 |            0.4731 | 93271117 |    0 |   0.1212 |  31.58 |      1 | 0.1212 |  96.27330 | -55.36388 | 7.241e+43 | 8.975e+42 | 4.220e+14 | 3.291e+13 |    0.1888 |           1.7414 |               3.68 |    18872 |
|         A3497 |    0.0679 |     5.170e+14 |            0.3424 | 93232809 |    1 |   0.0689 |   9.54 |      1 | 0.0292 | 179.20102 | -32.24817 | 1.539e+43 | 2.418e+42 | 1.144e+14 | 1.121e+13 |    0.4650 |           1.0579 |               3.09 |   -10864 |
|         A3526 |    0.0108 |     3.360e+14 |            1.7735 | 93252820 |    0 |   0.0706 |  16.39 |      1 | 0.0706 | 203.37529 | -42.58015 | 5.380e+43 | 1.125e+43 | 3.633e+14 | 4.715e+13 |    0.2957 |           8.3849 |               4.73 |    17736 |
|         A3526 |    0.0108 |     3.360e+14 |            1.7735 | 93242915 |    0 |   0.2055 |  32.88 |      1 | 0.2055 | 194.05130 | -37.49070 | 1.669e+44 | 6.285e+43 | 6.717e+14 | 1.531e+14 |    0.1386 |           4.0750 |               2.30 |    57746 |
|         A3526 |    0.0108 |     3.360e+14 |            1.7735 | 93242911 |    1 |   0.0494 |  29.25 |      1 | 0.0508 | 196.62949 | -37.56200 | 7.272e+43 | 8.235e+42 | 3.040e+14 | 2.160e+13 |    0.3769 |           5.0636 |               2.86 |    11864 |
|         A3526 |    0.0108 |     3.360e+14 |            1.7735 | 93242817 |    0 |   0.2366 |  41.06 |      1 | 0.2366 | 191.05392 | -39.56250 | 7.699e+44 | 1.173e+44 | 1.745e+15 | 1.666e+14 |    0.1692 |           1.9635 |               1.11 |    66970 |
|         A3526 |    0.0108 |     3.360e+14 |            1.7735 | 93232920 |    0 |   0.0728 |  15.08 |      1 | 0.0728 | 189.95503 | -34.21674 | 3.882e+43 | 9.163e+42 | 2.940e+14 | 4.290e+13 |    0.2677 |           7.3185 |               4.13 |    18389 |
|         A3526 |    0.0108 |     3.360e+14 |            1.7735 | 93242908 |    0 |   0.0504 |  34.51 |      1 | 0.0504 | 199.79477 | -37.15446 | 2.008e+43 | 5.387e+42 | 1.959e+14 | 3.233e+13 |    0.3317 |           7.1854 |               4.05 |    11745 |
|         A3526 |    0.0108 |     3.360e+14 |            1.7735 | 93242901 |    1 |  -1.0000 |  -1.00 |      0 | 0.0095 | 195.67426 | -41.63104 | 1.689e+42 | 3.657e+41 | 2.825e+13 | 3.775e+12 |    0.8766 |           2.6056 |               1.47 |     -386 |
|         A3526 |    0.0108 |     3.360e+14 |            1.7735 | 93252501 |    1 |  -1.0000 |  -1.00 |      0 | 0.0336 | 182.63757 | -46.74505 | 3.005e+43 | 3.502e+42 | 1.750e+14 | 1.279e+13 |    0.4670 |           8.7641 |               4.94 |     6762 |
|         A3526 |    0.0108 |     3.360e+14 |            1.7735 | 93242821 |    1 |  -1.0000 |  -1.00 |      0 | 0.0127 | 188.99734 | -39.90034 | 3.231e+42 | 5.713e+41 | 4.269e+13 | 4.688e+12 |    0.7582 |           2.8266 |               1.59 |      564 |
|         A3526 |    0.0108 |     3.360e+14 |            1.7735 | 93242916 |    0 |   0.0823 |  15.81 |      1 | 0.0823 | 200.23007 | -41.00750 | 8.728e+43 | 1.452e+43 | 4.912e+14 | 5.105e+13 |    0.2835 |           6.0343 |               3.40 |    21206 |
|         A3526 |    0.0108 |     3.360e+14 |            1.7735 | 93232917 |    0 |   0.0795 |  15.20 |      1 | 0.0795 | 189.17054 | -33.94912 | 8.371e+43 | 1.395e+43 | 4.792e+14 | 4.990e+13 |    0.2904 |           7.7490 |               4.37 |    20376 |
|         A3526 |    0.0108 |     3.360e+14 |            1.7735 | 93252711 |    1 |  -1.0000 |  -1.00 |      0 | 0.0123 | 200.11894 | -43.64485 | 3.165e+42 | 5.662e+41 | 4.214e+13 | 4.680e+12 |    0.7815 |           6.2700 |               3.54 |      445 |
|         A3526 |    0.0108 |     3.360e+14 |            1.7735 | 93233001 |    0 |   0.0867 |  15.92 |      1 | 0.0867 | 196.56401 | -34.35847 | 6.953e+43 | 1.438e+43 | 4.229e+14 | 5.428e+13 |    0.2568 |           7.7512 |               4.37 |    22511 |
|         A3526 |    0.0108 |     3.360e+14 |            1.7735 | 93233101 |    0 |   0.0489 |   9.51 |      1 | 0.0489 | 198.73087 | -36.57301 | 1.344e+43 | 4.385e+42 | 1.515e+14 | 3.015e+13 |    0.3131 |           6.9310 |               3.91 |    11300 |
|         A3526 |    0.0108 |     3.360e+14 |            1.7735 | 93252706 |    1 |  -1.0000 |  -1.00 |      0 | 0.0116 | 198.76982 | -42.61432 | 1.601e+43 | 1.232e+42 | 1.190e+14 | 5.780e+12 |    1.1657 |           5.0378 |               2.84 |      237 |
|         A3526 |    0.0108 |     3.360e+14 |            1.7735 | 93242707 |    1 |  -1.0000 |  -1.00 |      0 | 0.0124 | 186.47803 | -38.33039 | 2.030e+42 | 4.374e+41 | 3.171e+13 | 4.217e+12 |    0.7004 |           5.3237 |               3.00 |      475 |
|         A3571 |    0.0394 |     1.050e+15 |            0.7283 | 93223401 |    1 |  -1.0000 |  -1.00 |      0 | 0.0160 | 207.27802 | -30.32663 | 7.406e+43 | 2.487e+42 | 3.160e+14 | 6.752e+12 |    1.1792 |           2.5682 |               3.53 |    -6749 |
|         A3571 |    0.0394 |     1.050e+15 |            0.7283 | 93233140 |    1 |   0.0490 |  44.98 |      1 | 0.0504 | 203.09537 | -33.11216 | 9.967e+43 | 8.320e+42 | 3.720e+14 | 1.959e+13 |    0.4064 |           3.1469 |               4.32 |     3173 |
|         A3571 |    0.0394 |     1.050e+15 |            0.7283 | 93233201 |    1 |  -1.0000 |  -1.00 |      0 | 0.0134 | 204.01947 | -34.22526 | 4.040e+43 | 1.544e+42 | 2.149e+14 | 5.220e+12 |    1.2351 |           2.7118 |               3.72 |    -7499 |
|         A3571 |    0.0394 |     1.050e+15 |            0.7283 | 93233312 |    1 |  -1.0000 |  -1.00 |      0 | 0.0146 | 210.91297 | -33.95983 | 8.305e+42 | 1.095e+42 | 7.799e+13 | 6.433e+12 |    0.8082 |           3.5739 |               4.91 |    -7153 |
|         A3571 |    0.0394 |     1.050e+15 |            0.7283 | 93233210 |    1 |   0.0485 |  41.96 |      1 | 0.0497 | 203.50577 | -31.67597 | 1.628e+44 | 1.038e+43 | 5.095e+14 | 2.056e+13 |    0.4569 |           3.0572 |               4.20 |     2971 |
|         A3574 |    0.0160 |     3.270e+14 |            1.1921 | 93233123 |    1 |   0.0485 |  42.05 |      1 | 0.0490 | 200.92268 | -31.76106 | 2.295e+43 | 4.706e+42 | 1.455e+14 | 1.845e+13 |    0.3054 |           5.6298 |               4.72 |     9737 |
|         A3574 |    0.0160 |     3.270e+14 |            1.1921 | 93233312 |    1 |  -1.0000 |  -1.00 |      0 | 0.0146 | 210.91297 | -33.95983 | 8.305e+42 | 1.095e+42 | 7.799e+13 | 6.433e+12 |    0.8082 |           4.7608 |               3.99 |     -413 |
|         A3574 |    0.0160 |     3.270e+14 |            1.1921 | 93223325 |    1 |  -1.0000 |  -1.00 |      0 | 0.0481 | 202.27050 | -29.41559 | 1.893e+43 | 4.444e+42 | 1.287e+14 | 1.860e+13 |    0.2980 |           4.4364 |               3.72 |     9472 |
|         A3574 |    0.0160 |     3.270e+14 |            1.1921 | 93233201 |    1 |  -1.0000 |  -1.00 |      0 | 0.0134 | 204.01947 | -34.22526 | 4.040e+43 | 1.544e+42 | 2.149e+14 | 5.220e+12 |    1.2351 |           4.7731 |               4.00 |     -767 |
|         A3574 |    0.0160 |     3.270e+14 |            1.1921 | 93223302 |    1 |  -1.0000 |  -1.00 |      0 | 0.0147 | 201.52222 | -30.04716 | 8.930e+41 | 3.796e+41 | 1.871e+13 | 4.763e+12 |    0.4996 |           4.9826 |               4.18 |     -384 |
|         A3574 |    0.0160 |     3.270e+14 |            1.1921 | 93223508 |    1 |   0.0216 |   4.87 |      1 | 0.0226 | 211.90878 | -27.02720 | 4.742e+43 | 2.668e+42 | 2.364e+14 | 8.427e+12 |    0.7586 |           5.2327 |               4.39 |     1947 |
|         A3574 |    0.0160 |     3.270e+14 |            1.1921 | 93223315 |    1 |   0.0349 |  13.93 |      1 | 0.0338 | 202.20222 | -28.02504 | 8.484e+42 | 2.034e+42 | 7.789e+13 | 1.148e+13 |    0.3543 |           4.9930 |               4.19 |     5252 |
|         A3574 |    0.0160 |     3.270e+14 |            1.1921 | 93223405 |    0 |   0.0487 |  24.93 |      1 | 0.0487 | 208.40079 | -27.89948 | 3.454e+43 | 5.503e+42 | 2.780e+14 | 2.770e+13 |    0.3851 |           2.6178 |               2.20 |     9649 |
|         A3574 |    0.0160 |     3.270e+14 |            1.1921 | 93233209 |    1 |  -1.0000 |  -1.00 |      0 | 0.0446 | 202.67430 | -31.69830 | 8.126e+43 | 7.072e+42 | 3.280e+14 | 1.799e+13 |    0.4380 |           4.1768 |               3.50 |     8439 |
|         A3574 |    0.0160 |     3.270e+14 |            1.1921 | 93233220 |    1 |   0.0392 |  69.51 |      1 | 0.0394 | 206.83605 | -32.86714 | 4.688e+44 | 1.293e+43 | 1.011e+15 | 1.776e+13 |    0.7190 |           2.5682 |               2.15 |     6905 |
|         A3574 |    0.0160 |     3.270e+14 |            1.1921 | 93213603 |    0 |   0.1241 |  63.77 |      1 | 0.1241 | 207.24879 | -25.39061 | 1.824e+44 | 3.045e+43 | 7.623e+14 | 7.949e+13 |    0.2250 |           4.9361 |               4.14 |    31897 |
|         A3574 |    0.0160 |     3.270e+14 |            1.1921 | 93233140 |    1 |   0.0490 |  44.98 |      1 | 0.0504 | 203.09537 | -33.11216 | 9.967e+43 | 8.320e+42 | 3.720e+14 | 1.959e+13 |    0.4064 |           4.5178 |               3.79 |    10150 |
|         A3574 |    0.0160 |     3.270e+14 |            1.1921 | 93233116 |    1 |   0.0493 | 137.07 |      1 | 0.0478 | 202.18538 | -31.54277 | 4.691e+44 | 1.651e+43 | 1.004e+15 | 2.249e+13 |    0.5949 |           4.5338 |               3.80 |     9383 |
|         A3574 |    0.0160 |     3.270e+14 |            1.1921 | 93223310 |    1 |   0.0393 |  27.19 |      1 | 0.0464 | 201.78335 | -27.18123 | 1.509e+44 | 9.181e+42 | 4.867e+14 | 1.875e+13 |    0.4812 |           5.7518 |               4.82 |     8970 |
|         A3574 |    0.0160 |     3.270e+14 |            1.1921 | 93233210 |    1 |   0.0485 |  41.96 |      1 | 0.0497 | 203.50577 | -31.67597 | 1.628e+44 | 1.038e+43 | 5.095e+14 | 2.056e+13 |    0.4569 |           3.5034 |               2.94 |     9944 |
|         A3651 |    0.0606 |     5.530e+14 |            0.3901 | 93273310 |    0 |   0.0569 |  27.34 |      1 | 0.0569 | 299.48813 | -55.10088 | 4.199e+43 | 8.254e+42 | 3.131e+14 | 3.828e+13 |    0.3451 |           0.8818 |               2.26 |    -1046 |
|         A3667 |    0.0553 |     1.070e+15 |            0.5298 | 93273310 |    0 |   0.0569 |  27.34 |      1 | 0.0569 | 299.48813 | -55.10088 | 4.199e+43 | 8.254e+42 | 3.131e+14 | 3.828e+13 |    0.3451 |           2.6408 |               4.98 |      455 |
|         A4059 |    0.0488 |     8.200e+14 |            0.5466 | 93235531 |    0 |   0.0578 |  13.23 |      1 | 0.0578 | 357.87450 | -34.46237 | 2.189e+43 | 4.805e+42 | 2.059e+14 | 2.800e+13 |    0.2961 |           1.1388 |               2.08 |     2573 |
|         A4059 |    0.0488 |     8.200e+14 |            0.5466 | 93230130 |    0 |   0.1138 |  94.14 |      1 | 0.1138 |   1.48138 | -34.68636 | 2.417e+44 | 2.931e+43 | 9.212e+14 | 7.032e+13 |    0.2594 |           1.8625 |               3.41 |    18580 |
|         A4059 |    0.0488 |     8.200e+14 |            0.5466 | 93230102 |    0 |   0.0499 |  31.25 |      1 | 0.0499 |   0.80319 | -35.96290 | 5.615e+43 | 5.613e+42 | 3.795e+14 | 2.396e+13 |    0.4171 |           1.7811 |               3.26 |      314 |
|         AS560 |    0.0375 |     9.910e+13 |            0.3483 | 93280989 |    1 |  -1.0000 |  -1.00 |      0 | 0.0368 |  90.54805 | -60.01706 | 7.943e+42 | 1.049e+42 | 7.450e+13 | 6.154e+12 |    0.3219 |           1.4233 |               4.09 |     -202 |
|        Antlia |    0.0104 |     1.010e+14 |            1.2341 | 93242311 |    1 |  -1.0000 |  -1.00 |      0 | 0.0189 | 152.26268 | -39.69835 | 1.386e+42 | 6.074e+41 | 2.471e+13 | 6.472e+12 |    0.4269 |           5.8941 |               4.78 |     2522 |
|        Fornax |    0.0045 |     6.920e+13 |            2.4995 | 93240805 |    1 |  -1.0000 |  -1.00 |      0 | 0.0055 |  50.61496 | -37.11883 | 7.876e+41 | 1.614e+41 | 1.739e+13 | 2.204e+12 |    1.2830 |           3.7226 |               1.49 |      298 |
|        Fornax |    0.0045 |     6.920e+13 |            2.4995 | 93230802 |    1 |  -1.0000 |  -1.00 |      0 | 0.0046 |  52.07648 | -35.89793 | 1.684e+42 | 2.823e+41 | 2.830e+13 | 2.952e+12 |    1.8266 |           2.1979 |               0.88 |       30 |
|        Fornax |    0.0045 |     6.920e+13 |            2.4995 | 93220701 |    1 |  -1.0000 |  -1.00 |      0 | 0.0223 |  42.39926 | -31.07239 | 1.145e+43 | 1.141e+42 | 9.522e+13 | 5.970e+12 |    0.5686 |          11.1600 |               4.46 |     5312 |
|        Fornax |    0.0045 |     6.920e+13 |            2.4995 | 93240704 |    0 |   0.0807 |  24.21 |      1 | 0.0807 |  48.41980 | -38.33794 | 3.188e+43 | 6.547e+42 | 2.575e+14 | 3.283e+13 |    0.2328 |           5.8254 |               2.33 |    22742 |
|        Fornax |    0.0045 |     6.920e+13 |            2.4995 | 93230704 |    0 |   0.0227 |  15.34 |      1 | 0.0227 |  42.40878 | -31.16832 | 1.340e+43 | 1.204e+42 | 1.543e+14 | 8.774e+12 |    0.6631 |          11.1108 |               4.45 |     5432 |
|        Fornax |    0.0045 |     6.920e+13 |            2.4995 | 93231007 |    0 |   0.3582 |  76.74 |      1 | 0.3582 |  59.22522 | -34.53482 | 8.705e+44 | 2.492e+44 | 1.689e+15 | 2.966e+14 |    0.1197 |           3.7987 |               1.52 |   105562 |
|        Fornax |    0.0045 |     6.920e+13 |            2.4995 | 93240829 |    0 |   0.1748 |  85.22 |      1 | 0.1748 |  54.02601 | -40.64158 | 4.441e+44 | 7.263e+43 | 1.294e+15 | 1.323e+14 |    0.1982 |           5.2683 |               2.11 |    50826 |
|        Fornax |    0.0045 |     6.920e+13 |            2.4995 | 93250718 |    0 |   0.0728 |  53.47 |      1 | 0.0728 |  49.46657 | -44.25519 | 3.576e+44 | 1.429e+43 | 1.225e+15 | 3.122e+13 |    0.4313 |           9.7220 |               3.89 |    20384 |
|        Fornax |    0.0045 |     6.920e+13 |            2.4995 | 93221001 |    0 |   0.1690 |  40.90 |      1 | 0.1690 |  58.47237 | -30.72206 | 2.265e+44 | 4.178e+43 | 8.436e+14 | 9.693e+13 |    0.1770 |           5.6404 |               2.26 |    49095 |
|        Fornax |    0.0045 |     6.920e+13 |            2.4995 | 93231114 |    0 |   0.2218 |  47.11 |      1 | 0.2218 |  67.37989 | -30.87459 | 2.122e+44 | 6.178e+43 | 7.725e+14 | 1.379e+14 |    0.1361 |          11.5217 |               4.61 |    64853 |
|        Fornax |    0.0045 |     6.920e+13 |            2.4995 | 93240821 |    0 |   0.1033 |  62.24 |      1 | 0.1033 |  54.30739 | -39.65326 | 1.676e+44 | 3.501e+43 | 7.345e+14 | 9.520e+13 |    0.2626 |           4.2644 |               1.71 |    29487 |
|        Fornax |    0.0045 |     6.920e+13 |            2.4995 | 93211001 |    0 |   0.1057 |  32.10 |      1 | 0.1057 |  56.43512 | -24.25947 | 1.440e+44 | 1.435e+43 | 6.649e+14 | 4.184e+13 |    0.2488 |          11.2407 |               4.50 |    30203 |
|        Fornax |    0.0045 |     6.920e+13 |            2.4995 | 93250735 |    0 |   0.0729 |  26.81 |      1 | 0.0729 |  48.55228 | -45.41057 | 1.072e+44 | 1.061e+43 | 5.647e+14 | 3.532e+13 |    0.3326 |          11.0454 |               4.42 |    20414 |
|        Fornax |    0.0045 |     6.920e+13 |            2.4995 | 93231012 |    0 |   0.0649 |  13.73 |      1 | 0.0649 |  59.92151 | -35.20507 | 1.340e+43 | 4.568e+42 | 1.494e+14 | 3.099e+13 |    0.2383 |           4.2561 |               1.70 |    18026 |
|        Fornax |    0.0045 |     6.920e+13 |            2.4995 | 93231018 |    0 |   0.0605 |  50.51 |      1 | 0.0605 |  62.08193 | -30.93788 | 6.559e+43 | 5.068e+42 | 4.159e+14 | 2.037e+13 |    0.3579 |           7.6107 |               3.04 |    16713 |
|        Fornax |    0.0045 |     6.920e+13 |            2.4995 | 93250803 |    0 |   0.0696 |  29.78 |      1 | 0.0696 |  55.33073 | -45.81920 | 6.361e+43 | 7.935e+42 | 4.049e+14 | 3.177e+13 |    0.3109 |          10.4288 |               4.17 |    19429 |
|        Fornax |    0.0045 |     6.920e+13 |            2.4995 | 93241026 |    0 |   0.0485 |   6.14 |      1 | 0.0485 |  63.54083 | -38.07468 | 6.548e+43 | 4.000e+42 | 4.194e+14 | 1.629e+13 |    0.4432 |           7.5601 |               3.02 |    13132 |
|        Fornax |    0.0045 |     6.920e+13 |            2.4995 | 93240901 |    0 |   0.0610 |  20.48 |      1 | 0.0610 |  56.47334 | -41.20910 | 5.546e+43 | 1.032e+43 | 3.733e+14 | 4.326e+13 |    0.3427 |           5.9701 |               2.39 |    16862 |
|        Fornax |    0.0045 |     6.920e+13 |            2.4995 | 93250608 |    0 |   0.0651 |  13.02 |      1 | 0.0651 |  41.70424 | -42.38289 | 1.970e+43 | 4.312e+42 | 1.914e+14 | 2.595e+13 |    0.2580 |          12.2756 |               4.91 |    18086 |
|        Fornax |    0.0045 |     6.920e+13 |            2.4995 | 93240820 |    0 |   0.0623 |  16.43 |      1 | 0.0623 |  53.56506 | -39.13069 | 2.017e+43 | 6.701e+42 | 1.947e+14 | 3.940e+13 |    0.2706 |           3.8396 |               1.54 |    17250 |
|        Fornax |    0.0045 |     6.920e+13 |            2.4995 | 93240903 |    0 |   0.0583 |  10.50 |      1 | 0.0583 |  60.37866 | -37.14006 | 2.079e+43 | 6.029e+42 | 1.991e+14 | 3.540e+13 |    0.2904 |           4.8879 |               1.96 |    16057 |
|        Fornax |    0.0045 |     6.920e+13 |            2.4995 | 93240830 |    0 |   0.0629 |  39.26 |      1 | 0.0629 |  50.58854 | -41.34304 | 5.612e+43 | 5.589e+42 | 3.756e+14 | 2.362e+13 |    0.3335 |           6.7622 |               2.71 |    17429 |
|        Fornax |    0.0045 |     6.920e+13 |            2.4995 | 93250737 |    0 |   0.0683 |  26.27 |      1 | 0.0683 |  50.47663 | -45.54817 | 2.968e+43 | 4.688e+42 | 2.483e+14 | 2.454e+13 |    0.2689 |          10.6421 |               4.26 |    19041 |
|        Fornax |    0.0045 |     6.920e+13 |            2.4995 | 93250738 |    0 |   0.0651 |  33.05 |      1 | 0.0651 |  49.48557 | -45.74779 | 2.280e+43 | 4.877e+42 | 2.101e+14 | 2.788e+13 |    0.2662 |          11.0757 |               4.43 |    18086 |
|        Fornax |    0.0045 |     6.920e+13 |            2.4995 | 93250726 |    0 |   0.1692 |  29.42 |      1 | 0.1692 |  52.94952 | -44.15175 | 5.589e+43 | 1.956e+43 | 3.432e+14 | 7.298e+13 |    0.1310 |           8.8543 |               3.54 |    49155 |
|        Fornax |    0.0045 |     6.920e+13 |            2.4995 | 93250739 |    0 |   0.0689 |  33.93 |      1 | 0.0689 |  52.35675 | -46.03772 | 5.565e+43 | 6.088e+42 | 3.718e+14 | 2.565e+13 |    0.3051 |          10.7841 |               4.31 |    19220 |
|        Fornax |    0.0045 |     6.920e+13 |            2.4995 | 93250903 |    1 |  -1.0000 |  -1.00 |      0 | 0.0035 |  60.20809 | -46.83985 | 3.751e+41 | 1.302e+41 | 1.083e+13 | 2.276e+12 |    1.7382 |          12.1574 |               4.86 |     -298 |
|        Fornax |    0.0045 |     6.920e+13 |            2.4995 | 93231006 |    1 |  -1.0000 |  -1.00 |      0 | 0.0033 |  62.70574 | -32.91530 | 1.936e+41 | 6.004e+40 | 7.097e+12 | 1.339e+12 |    1.5917 |           7.0641 |               2.83 |     -358 |
|         Hydra |    0.0140 |     2.610e+14 |            1.2614 | 93212701 |    0 |   0.1637 |  65.01 |      1 | 0.1637 | 153.23411 | -24.45823 | 1.402e+44 | 3.292e+43 | 6.225e+14 | 9.038e+13 |    0.1645 |           6.1701 |               4.89 |    44259 |
|          MKW4 |    0.0209 |     1.630e+14 |            0.7272 | 93163301 |    0 |   0.2341 |  45.86 |      1 | 0.2341 | 181.74133 |   4.41283 | 1.264e+44 | 5.427e+43 | 5.478e+14 | 1.413e+14 |    0.1160 |           2.5808 |               3.55 |    62607 |
|          MKW4 |    0.0209 |     1.630e+14 |            0.7272 | 93173326 |    0 |   0.1670 |  26.52 |      1 | 0.1670 | 180.33277 |  -0.16072 | 2.361e+44 | 3.853e+43 | 8.678e+14 | 8.853e+13 |    0.1805 |           2.2130 |               3.04 |    42903 |
|          MKW4 |    0.0209 |     1.630e+14 |            0.7272 | 93163302 |    1 |  -1.0000 |  -1.00 |      0 | 0.0226 | 181.01739 |   3.99877 | 7.250e+42 | 1.214e+42 | 7.105e+13 | 7.403e+12 |    0.5092 |           2.0933 |               2.88 |      499 |
|          MKW4 |    0.0209 |     1.630e+14 |            0.7272 | 93163303 |    0 |   0.1347 |  90.47 |      1 | 0.1347 | 180.09361 |   3.34591 | 4.139e+44 | 3.464e+43 | 1.279e+15 | 6.781e+13 |    0.2484 |           1.7654 |               2.43 |    33418 |
|          MKW8 |    0.0281 |     1.720e+14 |            0.5536 | 93164021 |    1 |  -1.0000 |  -1.00 |      0 | 0.0059 | 222.76188 |   3.46527 | 6.410e+41 | 1.803e+41 | 1.524e+13 | 2.619e+12 |    1.1522 |           2.5469 |               4.60 |    -6473 |
|          MKW8 |    0.0281 |     1.720e+14 |            0.5536 | 93163901 |    1 |   0.0292 |   7.11 |      1 | 0.0310 | 218.55270 |   3.69369 | 1.303e+43 | 2.151e+42 | 1.027e+14 | 1.055e+13 |    0.4228 |           1.6698 |               3.02 |      846 |
